m F0 F1 F2 M0 M1 M2
0 0 0 0 0.58949717 0.59384689 0.60037147
0.12255012 0.074837391 0.07431983 0.073543489 0.58949717 0.59384689 0.60037147
0.24510023 0.14538717 0.14392328 0.14172746 0.58949717 0.59384689 0.60037147
0.36765035 0.21314574 0.21045642 0.20642243 0.58949717 0.59384689 0.60037147
0.49020047 0.27864712 0.27450663 0.2682959 0.58949717 0.59384689 0.60037147
0.61275059 0.34219992 0.33641341 0.32773365 0.58949717 0.59384689 0.60037147
0.7353007 0.40401238 0.39640582 0.38499597 0.58949717 0.59384689 0.60037147
0.85785082 0.46423736 0.454652 0.44027395 0.58949717 0.59384689 0.60037147
0.98040094 0.52299331 0.51128224 0.49371564 0.58949717 0.59384689 0.60037147
1.1029511 0.58037553 0.56640138 0.54544015 0.58949717 0.59384689 0.60037147
1.2255012 0.63646284 0.62009612 0.59554604 0.58949717 0.59384689 0.60037147
1.3480513 0.69132187 0.67243976 0.64411658 0.58949717 0.59384689 0.60037147
1.4706014 0.74500992 0.72349531 0.6912234 0.58949717 0.59384689 0.60037147
1.5931515 0.79757693 0.77331772 0.73692891 0.58949717 0.59384689 0.60037147
1.7157016 0.84906695 0.82195545 0.78128819 0.58949717 0.59384689 0.60037147
1.8382518 0.89951921 0.86945163 0.82435026 0.58949717 0.59384689 0.60037147
1.9608019 0.94896894 0.91584503 0.86615917 0.58949717 0.59384689 0.60037147
2.083352 0.997448 0.9611707 0.90675474 0.58949717 0.59384689 0.60037147
2.2059021 1.0449854 1.0054605 0.94617325 0.58949717 0.59384689 0.60037147
2.3284522 1.0916077 1.0487438 0.98444788 0.58949717 0.59384689 0.60037147
2.4510023 1.1373393 1.0910473 1.0216092 0.58949717 0.59384689 0.60037147
2.5735525 1.1822028 1.1323958 1.0576853 0.58949717 0.59384689 0.60037147
2.6961026 1.2262192 1.1728125 1.0927025 0.58949717 0.59384689 0.60037147
2.8186527 1.2694078 1.2123187 1.126685 0.58949717 0.59384689 0.60037147
2.9412028 1.311787 1.2509345 1.1596557 0.58949717 0.59384689 0.60037147
3.0637529 1.3533737 1.2886786 1.1916359 0.58949717 0.59384689 0.60037147
3.186303 1.394184 1.3255686 1.2226455 0.58949717 0.59384689 0.60037147
3.3088532 1.434233 1.3616212 1.2527034 0.58949717 0.59384689 0.60037147
3.4314033 1.4735348 1.3968519 1.2818275 0.58949717 0.59384689 0.60037147
3.5539534 1.5121031 1.4312757 1.3100346 0.58949717 0.59384689 0.60037147
3.6765035 1.5499504 1.4649065 1.3373405 0.58949717 0.59384689 0.60037147
3.7990536 1.587089 1.4977576 1.3637605 0.58949717 0.59384689 0.60037147
3.9216038 1.6235304 1.5298419 1.389309 0.58949717 0.59384689 0.60037147
4.0441539 1.6592856 1.5611712 1.4139997 0.58949717 0.59384689 0.60037147
4.166704 1.694365 1.5917573 1.4378457 0.58949717 0.59384689 0.60037147
4.2892541 1.7287786 1.621611 1.4608595 0.58949717 0.59384689 0.60037147
4.4118042 1.7625361 1.6507429 1.4830531 0.58949717 0.59384689 0.60037147
4.5343543 1.7956466 1.6791632 1.504438 0.58949717 0.59384689 0.60037147
4.6569045 1.828119 1.7068815 1.5250252 0.58949717 0.59384689 0.60037147
4.7794546 1.8599616 1.733907 1.5448252 0.58949717 0.59384689 0.60037147
4.9020047 1.8911826 1.7602489 1.5638482 0.58949717 0.59384689 0.60037147
5.0245548 1.9217898 1.7859155 1.582104 0.58949717 0.59384689 0.60037147
5.1471049 1.9517908 1.8109153 1.599602 0.58949717 0.59384689 0.60037147
5.269655 1.9811928 1.8352562 1.6163513 0.58949717 0.59384689 0.60037147
5.3922052 2.0100029 1.858946 1.6323606 0.58949717 0.59384689 0.60037147
5.5147553 2.0382277 1.881992 1.6476384 0.58949717 0.59384689 0.60037147
5.6373054 2.0658739 1.9044014 1.6621928 0.58949717 0.59384689 0.60037147
5.7598555 2.0929477 1.9261813 1.6760318 0.58949717 0.59384689 0.60037147
5.8824056 2.1194553 1.9473384 1.6891631 0.58949717 0.59384689 0.60037147
6.0049557 2.1454026 1.9678791 1.701594 0.58949717 0.59384689 0.60037147
6.1275059 2.1707953 1.9878099 1.7133316 0.58949717 0.59384689 0.60037147
6.250056 2.1956391 2.0071367 1.7243831 0.58949717 0.59384689 0.60037147
6.3726061 2.2199394 2.0258657 1.7347552 0.58949717 0.59384689 0.60037147
6.4951562 2.2437013 2.0440025 1.7444543 0.58949717 0.59384689 0.60037147
6.6177063 2.26693 2.0615528 1.753487 0.58949717 0.59384689 0.60037147
6.7402565 2.2896305 2.078522 1.7618593 0.58949717 0.59384689 0.60037147
6.8628066 2.3118075 2.0949155 1.7695774 0.58949717 0.59384689 0.60037147
6.9853567 2.3334658 2.1107383 1.776647 0.58949717 0.59384689 0.60037147
7.1079068 2.35461 2.1259956 1.783074 0.58949717 0.59384689 0.60037147
7.2304569 2.3752445 2.1406922 1.7888638 0.58949717 0.59384689 0.60037147
7.353007 2.3953736 2.1548329 1.7940219 0.58949717 0.59384689 0.60037147
7.4755572 2.4150015 2.1684224 1.7985536 0.58949717 0.59384689 0.60037147
7.5981073 2.4341325 2.1814651 1.8024641 0.58949717 0.59384689 0.60037147
7.7206574 2.4527705 2.1939656 1.8057583 0.58949717 0.59384689 0.60037147
7.8432075 2.4709194 2.2059281 1.8084412 0.58949717 0.59384689 0.60037147
7.9657576 2.4885831 2.2173569 1.8105176 0.58949717 0.59384689 0.60037147
8.0883077 2.5057653 2.228256 1.8119921 0.58949717 0.59384689 0.60037147
8.2108579 2.5224697 2.2386296 1.8128693 0.58949717 0.59384689 0.60037147
8.333408 2.5386999 2.2484814 1.8131538 0.58949717 0.59384689 0.60037147
8.4559581 2.5544593 2.2578155 1.8128499 0.58949717 0.59384689 0.60037147
8.5785082 2.5697515 2.2666356 1.8119618 0.58949717 0.59384689 0.60037147
8.7010583 2.5845796 2.2749453 1.8104937 0.58949717 0.59384689 0.60037147
8.8236084 2.5989471 2.2827482 1.8084499 0.58949717 0.59384689 0.60037147
8.9461586 2.6128571 2.2900479 1.8058341 0.58949717 0.59384689 0.60037147
9.0687087 2.6263128 2.2968479 1.8026505 0.58949717 0.59384689 0.60037147
9.1912588 2.6393173 2.3031515 1.7989028 0.58949717 0.59384689 0.60037147
9.3138089 2.6518735 2.3089621 1.7945949 0.58949717 0.59384689 0.60037147
9.436359 2.6639845 2.3142828 1.7897303 0.58949717 0.59384689 0.60037147
9.5589091 2.6756531 2.319117 1.7843128 0.58949717 0.59384689 0.60037147
9.6814593 2.6868822 2.3234677 1.7783459 0.58949717 0.59384689 0.60037147
9.8040094 2.6976745 2.3273379 1.7718331 0.58949717 0.59384689 0.60037147
9.9265595 2.7080329 2.3307308 1.7647778 0.58949717 0.59384689 0.60037147
10.04911 2.7179599 2.3336493 1.7571833 0.58949717 0.59384689 0.60037147
10.17166 2.7274583 2.3360962 1.7490531 0.58949717 0.59384689 0.60037147
10.29421 2.7365306 2.3380744 1.7403902 0.58949717 0.59384689 0.60037147
10.41676 2.7451794 2.3395868 1.7311979 0.58949717 0.59384689 0.60037147
10.53931 2.7534071 2.340636 1.7214793 0.58949717 0.59384689 0.60037147
10.66186 2.7612163 2.3412248 1.7112375 0.58949717 0.59384689 0.60037147
10.78441 2.7686092 2.3413558 1.7004755 0.58949717 0.59384689 0.60037147
10.90696 2.7755884 2.3410316 1.6891963 0.58949717 0.59384689 0.60037147
11.029511 2.7821562 2.3402548 1.6774027 0.58949717 0.59384689 0.60037147
11.152061 2.7883147 2.3390279 1.6650976 0.58949717 0.59384689 0.60037147
11.274611 2.7940664 2.3373534 1.6522839 0.58949717 0.59384689 0.60037147
11.397161 2.7994133 2.3352337 1.6389644 0.58949717 0.59384689 0.60037147
11.519711 2.8043578 2.3326713 1.6251416 0.58949717 0.59384689 0.60037147
11.642261 2.8089018 2.3296685 1.6108185 0.58949717 0.59384689 0.60037147
11.764811 2.8130476 2.3262276 1.5959975 0.58949717 0.59384689 0.60037147
11.887361 2.8167972 2.3223508 1.5806812 0.58949717 0.59384689 0.60037147
12.009911 2.8201527 2.3180406 1.5648724 0.58949717 0.59384689 0.60037147
12.132462 2.8231161 2.313299 1.5485733 0.58949717 0.59384689 0.60037147
12.255012 2.8256894 2.3081283 1.5317866 0.58949717 0.59384689 0.60037147
12.377562 2.8278744 2.3025306 1.5145147 0.58949717 0.59384689 0.60037147
12.500112 2.8296733 2.296508 1.49676 0.58949717 0.59384689 0.60037147
12.622662 2.8310877 2.2900626 1.4785249 0.58949717 0.59384689 0.60037147
12.745212 2.8321197 2.2831965 1.4598116 0.58949717 0.59384689 0.60037147
12.867762 2.8327711 2.2759117 1.4406226 0.58949717 0.59384689 0.60037147
12.990312 2.8330437 2.2682102 1.42096 0.58949717 0.59384689 0.60037147
13.112863 2.8329392 2.260094 1.4008262 0.58949717 0.59384689 0.60037147
13.235413 2.8324594 2.251565 1.3802233 0.58949717 0.59384689 0.60037147
13.357963 2.8316062 2.2426251 1.3591534 0.58949717 0.59384689 0.60037147
13.480513 2.8303811 2.2332762 1.3376189 0.58949717 0.59384689 0.60037147
13.603063 2.828786 2.2235202 1.3156216 0.58949717 0.59384689 0.60037147
13.725613 2.8268224 2.213359 1.2931639 0.58949717 0.59384689 0.60037147
13.848163 2.824492 2.2027942 1.2702476 0.58949717 0.59384689 0.60037147
13.970713 2.8217964 2.1918278 1.2468749 0.58949717 0.59384689 0.60037147
14.093263 2.8187373 2.1804615 1.2230478 0.58949717 0.59384689 0.60037147
14.215814 2.8153162 2.168697 1.1987682 0.58949717 0.59384689 0.60037147
14.338364 2.8115347 2.1565361 1.1740381 0.58949717 0.59384689 0.60037147
14.460914 2.8073943 2.1439804 1.1488594 0.58949717 0.59384689 0.60037147
14.583464 2.8028966 2.1310316 1.123234 0.58949717 0.59384689 0.60037147
14.706014 2.7980431 2.1176914 1.0971638 0.58949717 0.59384689 0.60037147
14.828564 2.7928352 2.1039614 1.0706507 0.58949717 0.59384689 0.60037147
14.951114 2.7872744 2.0898433 1.0436965 0.58949717 0.59384689 0.60037147
15.073664 2.7813622 2.0753385 1.016303 0.58949717 0.59384689 0.60037147
15.196215 2.7751 2.0604488 0.98847194 0.58949717 0.59384689 0.60037147
15.318765 2.7684892 2.0451756 0.96020519 0.58949717 0.59384689 0.60037147
15.441315 2.7615312 2.0295205 0.93150444 0.58949717 0.59384689 0.60037147
15.563865 2.7542274 2.013485 0.90237144 0.58949717 0.59384689 0.60037147
15.686415 2.7465792 1.9970706 0.87280787 0.58949717 0.59384689 0.60037147
15.808965 2.7385878 1.9802788 0.84281543 0.58949717 0.59384689 0.60037147
15.931515 2.7302547 1.9631111 0.81239578 0.58949717 0.59384689 0.60037147
16.054065 2.7215811 1.9455689 0.78155056 0.58949717 0.59384689 0.60037147
16.176615 2.7125684 1.9276536 0.75028142 0.58949717 0.59384689 0.60037147
16.299166 2.7032178 1.9093667 0.71858995 0.58949717 0.59384689 0.60037147
16.421716 2.6935307 1.8907095 0.68647774 0.58949717 0.59384689 0.60037147
16.544266 2.6835082 1.8716834 0.65394637 0.58949717 0.59384689 0.60037147
16.666816 2.6731516 1.8522899 0.62099739 0.58949717 0.59384689 0.60037147
16.789366 2.6624621 1.8325302 0.58763235 0.58949717 0.59384689 0.60037147
16.911916 2.6514411 1.8124057 0.55385276 0.58949717 0.59384689 0.60037147
17.034466 2.6400896 1.7919178 0.51966012 0.58949717 0.59384689 0.60037147
17.157016 2.6284088 1.7710677 0.48505593 0.58949717 0.59384689 0.60037147
17.279567 2.6164 1.7498567 0.45004166 0.58949717 0.59384689 0.60037147
17.402117 2.6040643 1.7282861 0.41461877 0.58949717 0.59384689 0.60037147
17.524667 2.5914028 1.7063572 0.37878869 0.58949717 0.59384689 0.60037147
17.647217 2.5784167 1.6840712 0.34255286 0.58949717 0.59384689 0.60037147
17.769767 2.5651072 1.6614294 0.30591268 0.58949717 0.59384689 0.60037147
17.892317 2.5514753 1.638433 0.26886955 0.58949717 0.59384689 0.60037147
18.014867 2.5375221 1.6150832 0.23142485 0.58949717 0.59384689 0.60037147
18.137417 2.5232488 1.5913813 0.19357995 0.58949717 0.59384689 0.60037147
18.259967 2.5086564 1.5673283 0.15533621 0.58949717 0.59384689 0.60037147
18.382518 2.493746 1.5429256 0.11669497 0.58949717 0.59384689 0.60037147
18.505068 2.4785187 1.5181742 0.077657551 0.58949717 0.59384689 0.60037147
18.627618 2.4629755 1.4930754 0.038225269 0.58949717 0.59384689 0.60037147
18.750168 2.4471174 1.4676302 -0.0016005739 0.58949717 0.59384689 0.60037147
18.872718 2.4309455 1.4418398 -0.04181869 0.58949717 0.59384689 0.60037147
18.995268 2.4144608 1.4157054 -0.082427803 0.58949717 0.59384689 0.60037147
19.117818 2.3976643 1.3892279 -0.12342665 0.58949717 0.59384689 0.60037147
19.240368 2.3805571 1.3624087 -0.16481398 0.58949717 0.59384689 0.60037147
19.362919 2.36314 1.3352486 -0.20658855 0.58949717 0.59384689 0.60037147
19.485469 2.3454142 1.3077488 -0.24874914 0.58949717 0.59384689 0.60037147
19.608019 2.3273804 1.2799105 -0.29129453 0.58949717 0.59384689 0.60037147
19.730569 2.3090399 1.2517345 -0.33422352 0.58949717 0.59384689 0.60037147
19.853119 2.2903933 1.223222 -0.37753491 0.58949717 0.59384689 0.60037147
19.975669 2.2714419 1.1943741 -0.42122751 0.58949717 0.59384689 0.60037147
20.098219 2.2521863 1.1651917 -0.46530017 0.58949717 0.59384689 0.60037147
20.220769 2.2326277 1.1356759 -0.50975172 0.58949717 0.59384689 0.60037147
20.343319 2.2127669 1.1058277 -0.55458101 0.58949717 0.59384689 0.60037147
20.46587 2.1926048 1.0756481 -0.59978689 0.58949717 0.59384689 0.60037147
20.58842 2.1721423 1.0451381 -0.64536825 0.58949717 0.59384689 0.60037147
20.71097 2.1513803 1.0142986 -0.69132396 0.58949717 0.59384689 0.60037147
20.83352 2.1303198 0.98313069 -0.73765291 0.58949717 0.59384689 0.60037147
20.95607 2.1089615 0.95163529 -0.784354 0.58949717 0.59384689 0.60037147
21.07862 2.0873064 0.91981336 -0.83142614 0.58949717 0.59384689 0.60037147
21.20117 2.0653553 0.88766586 -0.87886826 0.58949717 0.59384689 0.60037147
21.32372 2.0431091 0.85519372 -0.92667928 0.58949717 0.59384689 0.60037147
21.446271 2.0205686 0.82239788 -0.97485814 0.58949717 0.59384689 0.60037147
21.568821 1.9977346 0.78927928 -1.0234038 0.58949717 0.59384689 0.60037147
21.691371 1.9746081 0.75583881 -1.0723152 0.58949717 0.59384689 0.60037147
21.813921 1.9511899 0.7220774 -1.1215913 0.58949717 0.59384689 0.60037147
21.936471 1.9274806 0.68799595 -1.1712311 0.58949717 0.59384689 0.60037147
22.059021 1.9034813 0.65359536 -1.2212335 0.58949717 0.59384689 0.60037147
22.181571 1.8791926 0.6188765 -1.2715976 0.58949717 0.59384689 0.60037147
22.304121 1.8546154 0.58384027 -1.3223224 0.58949717 0.59384689 0.60037147
22.426671 1.8297504 0.54848753 -1.3734068 0.58949717 0.59384689 0.60037147
22.549222 1.8045985 0.51281915 -1.4248499 0.58949717 0.59384689 0.60037147
22.671772 1.7791605 0.47683599 -1.4766507 0.58949717 0.59384689 0.60037147
22.794322 1.753437 0.44053891 -1.5288083 0.58949717 0.59384689 0.60037147
22.916872 1.727429 0.40392874 -1.5813216 0.58949717 0.59384689 0.60037147
23.039422 1.7011371 0.36700632 -1.6341898 0.58949717 0.59384689 0.60037147
23.161972 1.674562 0.3297725 -1.6874118 0.58949717 0.59384689 0.60037147
23.284522 1.6477047 0.29222808 -1.7409868 0.58949717 0.59384689 0.60037147
23.407072 1.6205657 0.25437389 -1.7949138 0.58949717 0.59384689 0.60037147
23.529623 1.5931458 0.21621075 -1.8491918 0.58949717 0.59384689 0.60037147
23.652173 1.5654458 0.17773945 -1.9038201 0.58949717 0.59384689 0.60037147
23.774723 1.5374664 0.1389608 -1.9587976 0.58949717 0.59384689 0.60037147
23.897273 1.5092083 0.099875591 -2.0141235 0.58949717 0.59384689 0.60037147
24.019823 1.4806722 0.060484608 -2.0697968 0.58949717 0.59384689 0.60037147
24.142373 1.4518589 0.020788633 -2.1258167 0.58949717 0.59384689 0.60037147
24.264923 1.422769 -0.019211559 -2.1821824 0.58949717 0.59384689 0.60037147
24.387473 1.3934032 -0.059515198 -2.2388928 0.58949717 0.59384689 0.60037147
24.510023 1.3637623 -0.10012152 -2.2959472 0.58949717 0.59384689 0.60037147
24.632574 1.3338469 -0.14102977 -2.3533448 0.58949717 0.59384689 0.60037147
24.755124 1.3036577 -0.1822392 -2.4110845 0.58949717 0.59384689 0.60037147
24.877674 1.2731954 -0.22374905 -2.4691657 0.58949717 0.59384689 0.60037147
25.000224 1.2424606 -0.26555859 -2.5275874 0.58949717 0.59384689 0.60037147
25.122774 1.2114541 -0.30766708 -2.5863488 0.58949717 0.59384689 0.60037147
25.245324 1.1801764 -0.35007379 -2.6454491 0.58949717 0.59384689 0.60037147
25.367874 1.1486283 -0.392778 -2.7048875 0.58949717 0.59384689 0.60037147
25.490424 1.1168104 -0.43577899 -2.7646631 0.58949717 0.59384689 0.60037147
25.612975 1.0847234 -0.47907604 -2.8247752 0.58949717 0.59384689 0.60037147
25.735525 1.0523678 -0.52266845 -2.8852228 0.58949717 0.59384689 0.60037147
25.858075 1.0197444 -0.5665555 -2.9460054 0.58949717 0.59384689 0.60037147
25.980625 0.98685376 -0.61073651 -3.0071219 0.58949717 0.59384689 0.60037147
26.103175 0.95369652 -0.65521077 -3.0685717 0.58949717 0.59384689 0.60037147
26.225725 0.92027331 -0.6999776 -3.130354 0.58949717 0.59384689 0.60037147
26.348275 0.88658475 -0.74503632 -3.1924679 0.58949717 0.59384689 0.60037147
26.470825 0.85263147 -0.79038624 -3.2549128 0.58949717 0.59384689 0.60037147
26.593375 0.81841406 -0.83602668 -3.3176878 0.58949717 0.59384689 0.60037147
26.715926 0.78393315 -0.88195699 -3.3807922 0.58949717 0.59384689 0.60037147
26.838476 0.74918933 -0.92817649 -3.4442252 0.58949717 0.59384689 0.60037147
26.961026 0.71418321 -0.97468452 -3.5079861 0.58949717 0.59384689 0.60037147
27.083576 0.67891539 -1.0214804 -3.5720741 0.58949717 0.59384689 0.60037147
27.206126 0.64338645 -1.0685636 -3.6364886 0.58949717 0.59384689 0.60037147
27.328676 0.60759699 -1.1159333 -3.7012286 0.58949717 0.59384689 0.60037147
27.451226 0.57154759 -1.1635889 -3.7662936 0.58949717 0.59384689 0.60037147
27.573776 0.53523884 -1.2115298 -3.8316828 0.58949717 0.59384689 0.60037147
27.696327 0.4986713 -1.2597554 -3.8973955 0.58949717 0.59384689 0.60037147
27.818877 0.46184556 -1.308265 -3.9634309 0.58949717 0.59384689 0.60037147
27.941427 0.42476217 -1.3570581 -4.0297884 0.58949717 0.59384689 0.60037147
28.063977 0.38742172 -1.4061339 -4.0964672 0.58949717 0.59384689 0.60037147
28.186527 0.34982475 -1.4554918 -4.1634667 0.58949717 0.59384689 0.60037147
28.309077 0.31197183 -1.5051313 -4.2307861 0.58949717 0.59384689 0.60037147
28.431627 0.27386352 -1.5550518 -4.2984247 0.58949717 0.59384689 0.60037147
28.554177 0.23550035 -1.6052526 -4.3663819 0.58949717 0.59384689 0.60037147
28.676727 0.19688289 -1.6557331 -4.434657 0.58949717 0.59384689 0.60037147
28.799278 0.15801167 -1.7064927 -4.5032493 0.58949717 0.59384689 0.60037147
28.921828 0.11888724 -1.7575309 -4.5721581 0.58949717 0.59384689 0.60037147
29.044378 0.079510126 -1.808847 -4.6413827 0.58949717 0.59384689 0.60037147
29.166928 0.03988087 -1.8604405 -4.7109225 0.58949717 0.59384689 0.60037147
29.289478 0 -1.9123108 -4.7807769 0.58949717 0.59384689 0.60037147
