x p0 p1 p2 p3 p4
0.3 nan nan nan nan nan
0.30523902 nan nan nan nan nan
0.31056953 nan nan nan nan nan
0.31599313 nan nan nan nan nan
0.32151145 nan nan nan nan nan
0.32712613 nan nan nan nan nan
0.33283887 nan nan nan nan nan
0.33865137 nan nan nan nan nan
0.34456537 nan nan nan nan nan
0.35058266 nan nan nan nan nan
0.35670502 nan nan nan nan nan
0.36293431 nan nan nan nan nan
0.36927237 nan nan nan nan nan
0.37572113 0.017626973 0.01465938 0.013315236 0.012064981 0.010907493
0.3822825 0.047907783 0.039930097 0.03631556 0.032951741 0.029835214
0.38895845 0.077555321 0.064786474 0.058998964 0.053609887 0.048613157
0.39575099 0.10657016 0.08922952 0.081366325 0.074040108 0.067241859
0.40266215 0.1349533 0.11326042 0.10341862 0.094243143 0.085721881
0.409694 0.16270622 0.13688053 0.12515692 0.11421978 0.1040538
0.41684865 0.18983077 0.16009137 0.14658239 0.13397087 0.12223824
0.42412824 0.21632923 0.18289461 0.1676963 0.15349729 0.14027581
0.43153497 0.24220429 0.20529209 0.18849999 0.17279999 0.15816718
0.43907104 0.267459 0.22728579 0.20899488 0.19187993 0.17591301
0.44673871 0.29209679 0.24887784 0.2291825 0.21073815 0.193514
0.45454029 0.31612142 0.27007049 0.24906445 0.2293757 0.21097086
0.46247811 0.33953702 0.29086615 0.26864238 0.2477937 0.22828432
0.47055455 0.36234803 0.31126733 0.28791804 0.2659933 0.24545514
0.47877203 0.38455919 0.33127668 0.30689325 0.28397566 0.26248408
0.48713302 0.40617555 0.35089696 0.32556989 0.30174202 0.27937193
0.49564002 0.42720244 0.37013104 0.34394991 0.31929363 0.2961195
0.50429558 0.44764544 0.38898191 0.36203531 0.33663177 0.3127276
0.5131023 0.4675104 0.40745264 0.37982816 0.35375777 0.32919706
0.52206281 0.4868034 0.42554642 0.39733059 0.37067297 0.34552875
0.53117981 0.50553074 0.4432665 0.41454478 0.38737876 0.36172351
0.54045601 0.52369894 0.46061624 0.43147296 0.40387654 0.37778223
0.54989421 0.5413147 0.47759908 0.4481174 0.42016774 0.3937058
0.55949724 0.55838491 0.49421853 0.46448044 0.43625383 0.40949512
0.56926796 0.57491663 0.51047818 0.48056443 0.4521363 0.42515111
0.57920932 0.59091708 0.52638166 0.49637179 0.46781664 0.44067468
0.58932428 0.6063936 0.5419327 0.51190497 0.48329638 0.45606679
0.59961589 0.62135369 0.55713507 0.52716645 0.49857709 0.47132836
0.61008723 0.63580495 0.57199259 0.54215874 0.51366031 0.48646037
0.62074142 0.64975508 0.58650913 0.5568844 0.52854765 0.50146378
0.63158168 0.6632119 0.60068862 0.571346 0.5432407 0.51633956
0.64261125 0.67618327 0.61453502 0.58554614 0.55774109 0.5310887
0.65383343 0.68867717 0.62805231 0.59948747 0.57205044 0.54571218
0.66525158 0.7007016 0.64124455 0.61317262 0.58617041 0.560211
0.67686914 0.71226463 0.65411577 0.62660427 0.60010266 0.57458617
0.68868958 0.72337437 0.66667008 0.63978511 0.61384886 0.5888387
0.70071644 0.73403897 0.67891157 0.65271784 0.62741069 0.6029696
0.71295333 0.74426658 0.69084439 0.6654052 0.64078984 0.6169799
0.72540393 0.75406538 0.70247267 0.6778499 0.65398802 0.63087063
0.73807195 0.76344354 0.71380056 0.69005471 0.66700694 0.64464281
0.75096119 0.77240925 0.72483224 0.70202237 0.67984831 0.65829747
0.76407553 0.78097066 0.73557187 0.71375564 0.69251386 0.67183567
0.77741889 0.78913593 0.74602363 0.7252573 0.7050053 0.68525844
0.79099527 0.79691317 0.7561917 0.7365301 0.71732438 0.69856682
0.80480874 0.80431048 0.76608025 0.74757684 0.72947283 0.71176186
0.81886344 0.81133589 0.77569344 0.75840028 0.74145238 0.72484462
0.83316358 0.81799743 0.78503545 0.76900321 0.75326478 0.73781614
0.84771345 0.82430303 0.79411042 0.77938838 0.76491176 0.75067748
0.86251741 0.83026061 0.80292249 0.78955858 0.77639507 0.76342969
0.8775799 0.83587799 0.81147579 0.79951657 0.78771645 0.77607382
0.89290543 0.84116296 0.81977443 0.80926511 0.79887764 0.78861094
0.9084986 0.84612322 0.82782251 0.81880696 0.80988038 0.80104208
0.92436408 0.85076639 0.83562409 0.82814486 0.8207264 0.81336832
0.94050662 0.85510003 0.84318323 0.83728156 0.83141744 0.8255907
0.95693106 0.85913161 0.85050396 0.84621976 0.84195523 0.83771028
0.97364234 0.86286852 0.85759027 0.85496221 0.85234149 0.84972811
0.99064545 0.86631805 0.86444615 0.86351159 0.86257795 0.86164523
1.0079455 0.86948741 0.87107554 0.8718706 0.87266632 0.87346271
1.0255476 0.87238373 0.87748236 0.88004191 0.88260831 0.88518158
1.0434572 0.87501401 0.88367049 0.8880282 0.89240564 0.89680289
1.0616795 0.87738519 0.88964381 0.8958321 0.90205999 0.90832768
1.08022 0.87950409 0.89540612 0.90345625 0.91157306 0.919757
1.0990844 0.88137744 0.90096121 0.91090326 0.92094653 0.93109187
1.1182781 0.88301185 0.90631285 0.91817573 0.93018208 0.94233334
1.1378071 0.88441384 0.91146474 0.92527623 0.93928138 0.95348244
1.157677 0.88558984 0.91642057 0.93220733 0.94824609 0.96454018
1.177894 0.88654614 0.92118399 0.93897157 0.95707785 0.9755076
1.1984641 0.88728896 0.92575859 0.94557146 0.96577832 0.98638572
1.2193933 0.88782439 0.93014795 0.9520095 0.97434911 0.99717554
1.2406881 0.88815842 0.93435558 0.95828818 0.98279186 1.0078781
1.2623547 0.88829693 0.93838498 0.96440994 0.99110816 1.0184944
1.2843997 0.88824571 0.94223959 0.97037723 0.99929963 1.0290254
1.3068297 0.88801041 0.94592281 0.97619245 1.0073679 1.0394721
1.3296514 0.88759661 0.94943802 0.981858 1.0153144 1.0498355
1.3528716 0.88700975 0.95278852 0.98737624 1.0231409 1.0601167
1.3764974 0.88625518 0.95597759 0.99274951 1.0308488 1.0703165
1.4005357 0.88533815 0.95900848 0.99798014 1.0384397 1.080436
1.4249938 0.88426378 0.96188437 1.0030704 1.0459151 1.0904762
1.4498791 0.88303712 0.96460842 1.0080226 1.0532766 1.1004379
1.4751989 0.88166309 0.96718373 1.012839 1.0605257 1.1103222
1.5009609 0.88014651 0.96961337 1.0175218 1.0676638 1.12013
1.5271728 0.87849211 0.97190036 1.0220732 1.0746924 1.1298623
1.5538424 0.87670449 0.97404768 1.0264953 1.0816131 1.13952
1.5809778 0.87478818 0.97605826 1.0307903 1.0884272 1.149104
1.608587 0.8727476 0.97793499 1.0349604 1.0951362 1.1586154
1.6366784 0.87058707 0.97968073 1.0390077 1.1017415 1.1680549
1.6652604 0.8683108 0.98129828 1.0429341 1.1082446 1.1774235
1.6943415 0.86592292 0.9827904 1.0467419 1.1146469 1.1867221
1.7239305 0.86342747 0.98415981 1.0504329 1.1209497 1.1959517
1.7540362 0.86082838 0.9854092 1.0540092 1.1271544 1.2051131
1.7846676 0.85812948 0.98654119 1.0574727 1.1332624 1.2142072
1.815834 0.85533455 0.98755839 1.0608255 1.1392751 1.223235
1.8475446 0.85244722 0.98846335 1.0640694 1.1451937 1.2321972
1.879809 0.84947108 0.98925856 1.0672064 1.1510196 1.2410948
1.9126369 0.84640962 0.98994652 1.0702382 1.1567541 1.2499285
1.9460381 0.84326623 0.99052963 1.0731668 1.1623986 1.2586994
1.9800225 0.84004423 0.9910103 1.075994 1.1679542 1.2674082
2.0146004 0.83674684 0.99139087 1.0787216 1.1734222 1.2760558
2.0497822 0.83337723 0.99167364 1.0813513 1.1788039 1.2846429
2.0855784 0.82993845 0.99186089 1.0838849 1.1841006 1.2931706
2.1219997 0.8264335 0.99195485 1.0863242 1.1893135 1.3016394
2.159057 0.8228653 0.99195769 1.0886707 1.1944437 1.3100504
2.1967615 0.81923667 0.99187159 1.0909263 1.1994925 1.3184042
2.2351244 0.81555038 0.99169864 1.0930926 1.204461 1.3267018
2.2741573 0.81180912 0.99144092 1.0951711 1.2093505 1.3349438
2.3138718 0.80801551 0.99110048 1.0971635 1.2141621 1.3431311
2.3542799 0.80417209 0.99067931 1.0990714 1.2188969 1.3512644
2.3953936 0.80028134 0.99017938 1.1008963 1.2235561 1.3593446
2.4372254 0.79634567 0.98960263 1.1026398 1.2281407 1.3673723
2.4797876 0.79236742 0.98895093 1.1043034 1.2326519 1.3753484
2.5230932 0.78834888 0.98822615 1.1058886 1.2370908 1.3832736
2.5671549 0.78429225 0.98743012 1.1073967 1.2414584 1.3911487
2.6119862 0.78019969 0.98656462 1.1088294 1.2457559 1.3989744
2.6576004 0.77607329 0.98563142 1.110188 1.2499842 1.4067513
2.7040111 0.77191508 0.98463222 1.1114739 1.2541444 1.4144803
2.7512324 0.76772704 0.98356873 1.1126884 1.2582375 1.4221621
2.7992782 0.76351108 0.9824426 1.113833 1.2622646 1.4297974
2.8481632 0.75926906 0.98125545 1.114909 1.2662266 1.4373868
2.8979018 0.7550028 0.98000887 1.1159177 1.2701244 1.4449311
2.948509 0.75071404 0.97870444 1.1168603 1.2739592 1.4524309
3 0.74640449 0.97734368 1.1177383 1.2777318 1.459887
3.0523902 0.74207579 0.9759281 1.1185527 1.2814433 1.4673001
3.1056953 0.73772954 0.97445916 1.1193049 1.2850944 1.4746707
3.1599313 0.73336731 0.97293831 1.119996 1.2886862 1.4819995
3.2151145 0.72899059 0.97136696 1.1206273 1.2922196 1.4892873
3.2712613 0.72460085 0.96974651 1.1211999 1.2956954 1.4965346
3.3283887 0.72019948 0.9680783 1.121715 1.2991145 1.5037421
3.3865137 0.71578788 0.96636366 1.1221737 1.3024779 1.5109104
3.4456537 0.71136736 0.96460391 1.1225771 1.3057864 1.5180402
3.5058266 0.7069392 0.96280032 1.1229263 1.3090407 1.5251321
3.5670502 0.70250466 0.96095413 1.1232225 1.3122419 1.5321867
3.6293431 0.69806493 0.95906658 1.1234666 1.3153907 1.5392046
3.6927237 0.69362118 0.95713885 1.1236597 1.3184878 1.5461863
3.7572113 0.68917454 0.95517214 1.1238029 1.3215342 1.5531326
3.822825 0.6847261 0.95316758 1.1238971 1.3245306 1.560044
3.8895845 0.6802769 0.95112631 1.1239434 1.3274778 1.566921
3.9575099 0.67582798 0.94904943 1.1239427 1.3303765 1.5737643
4.0266215 0.67138032 0.94693801 1.1238959 1.3332276 1.5805744
4.09694 0.66693486 0.94479311 1.123804 1.3360318 1.5873519
4.1684865 0.66249253 0.94261578 1.123668 1.3387897 1.5940974
4.2412824 0.65805422 0.94040701 1.1234887 1.3415023 1.6008113
4.3153497 0.65362078 0.9381678 1.1232671 1.34417 1.6074943
4.3907104 0.64919304 0.93589913 1.123004 1.3467938 1.6141468
4.4673871 0.64477179 0.93360193 1.1227002 1.3493742 1.6207695
4.5454029 0.64035781 0.93127714 1.1223567 1.3519119 1.6273627
4.6247811 0.63595184 0.92892567 1.1219742 1.3544077 1.6339272
4.7055455 0.63155459 0.9265484 1.1215537 1.3568622 1.6404633
4.7877203 0.62716675 0.92414621 1.1210957 1.359276 1.6469716
4.8713302 0.62278898 0.92171994 1.1206013 1.3616499 1.6534526
4.9564002 0.61842193 0.91927042 1.1200711 1.3639844 1.6599068
5.0429558 0.6140662 0.91679848 1.1195059 1.3662802 1.6663346
5.131023 0.6097224 0.91430489 1.1189064 1.3685378 1.6727366
5.2206281 0.60539107 0.91179045 1.1182735 1.370758 1.6791133
5.3117981 0.60107278 0.90925592 1.1176077 1.3729413 1.685465
5.4045601 0.59676805 0.90670203 1.1169099 1.3750882 1.6917924
5.4989421 0.59247738 0.90412951 1.1161806 1.3771995 1.6980958
5.5949724 0.58820125 0.90153907 1.1154207 1.3792756 1.7043757
5.6926796 0.58394012 0.89893142 1.1146307 1.3813171 1.7106326
5.7920932 0.57969445 0.89630722 1.1138113 1.3833247 1.7168669
5.8932428 0.57546465 0.89366714 1.1129632 1.3852987 1.723079
5.9961589 0.57125114 0.89101184 1.112087 1.3872399 1.7292695
6.1008723 0.56705429 0.88834194 1.1111834 1.3891486 1.7354387
6.2074142 0.5628745 0.88565806 1.1102528 1.3910255 1.741587
6.3158168 0.5587121 0.88296081 1.109296 1.392871 1.7477149
6.4261125 0.55456744 0.88025078 1.1083135 1.3946857 1.7538228
6.5383343 0.55044085 0.87752855 1.107306 1.39647 1.7599111
6.6525158 0.54633263 0.87479468 1.1062739 1.3982245 1.7659803
6.7686914 0.54224308 0.87204972 1.1052178 1.3999497 1.7720306
6.8868958 0.53817248 0.86929422 1.1041383 1.4016459 1.7780626
7.0071644 0.53412108 0.86652869 1.1030359 1.4033138 1.7840765
7.1295333 0.53008916 0.86375366 1.1019111 1.4049537 1.7900729
7.2540393 0.52607694 0.86096962 1.1007645 1.4065661 1.796052
7.3807195 0.52208464 0.85817706 1.0995966 1.4081515 1.8020143
7.5096119 0.5181125 0.85537647 1.0984078 1.4097103 1.8079602
7.6407553 0.5141607 0.8525683 1.0971986 1.4112429 1.8138899
7.7741889 0.51022944 0.84975302 1.0959696 1.4127498 1.819804
7.9099527 0.50631889 0.84693106 1.0947212 1.4142314 1.8257026
8.0480874 0.50242923 0.84410287 1.0934538 1.4156881 1.8315862
8.1886344 0.49856062 0.84126887 1.092168 1.4171203 1.8374552
8.3316358 0.49471319 0.83842947 1.0908641 1.4185284 1.8433099
8.4771345 0.4908871 0.83558507 1.0895426 1.4199129 1.8491506
8.6251741 0.48708246 0.83273607 1.0882039 1.421274 1.8549777
8.775799 0.48329939 0.82988286 1.0868484 1.4226123 1.8607915
8.9290543 0.47953801 0.8270258 1.0854766 1.423928 1.8665923
9.084986 0.47579842 0.82416527 1.0840889 1.4252215 1.8723805
9.2436408 0.47208071 0.82130161 1.0826856 1.4264933 1.8781564
9.4050662 0.46838496 0.81843519 1.0812671 1.4277436 1.8839203
9.5693106 0.46471125 0.81556633 1.0798338 1.4289729 1.8896726
9.7364234 0.46105965 0.81269537 1.0783862 1.4301814 1.8954134
9.9064545 0.45743022 0.80982263 1.0769245 1.4313695 1.9011433
10.079455 0.45382302 0.80694843 1.0754491 1.4325376 1.9068623
10.255476 0.45023809 0.80407307 1.0739603 1.433686 1.912571
10.434572 0.44667547 0.80119685 1.0724586 1.4348149 1.9182695
10.616795 0.44313519 0.79832007 1.0709442 1.4359249 1.9239581
10.8022 0.4396173 0.795443 1.0694175 1.437016 1.9296372
10.990844 0.43612179 0.79256592 1.0678789 1.4380888 1.935307
11.182781 0.43264871 0.78968911 1.0663285 1.4391433 1.9409677
11.378071 0.42919804 0.78681282 1.0647668 1.4401801 1.9466198
11.57677 0.4257698 0.78393732 1.063194 1.4411993 1.9522634
11.77894 0.42236399 0.78106284 1.0616105 1.4422013 1.9578989
11.984641 0.4189806 0.77818964 1.0600166 1.4431864 1.9635265
12.193933 0.41561962 0.77531795 1.0584124 1.4441547 1.9691464
12.406881 0.41228104 0.772448 1.0567984 1.4451067 1.974759
12.623547 0.40896484 0.76958002 1.0551748 1.4460426 1.9803644
12.843997 0.40567098 0.76671421 1.0535418 1.4469626 1.985963
13.068297 0.40239946 0.76385081 1.0518998 1.447867 1.991555
13.296514 0.39915022 0.76099 1.050249 1.4487561 1.9971406
13.528716 0.39592324 0.758132 1.0485897 1.4496301 2.0027201
13.764974 0.39271847 0.75527699 1.046922 1.4504894 2.0082938
14.005357 0.38953587 0.75242518 1.0452464 1.451334 2.0138618
14.249938 0.3863754 0.74957673 1.0435629 1.4521643 2.0194245
14.498791 0.383237 0.74673184 1.0418718 1.4529806 2.024982
14.751989 0.38012062 0.74389068 1.0401735 1.453783 2.0305346
15.009609 0.3770262 0.74105342 1.038468 1.4545718 2.0360825
15.271728 0.37395368 0.73822022 1.0367556 1.4553471 2.041626
15.538424 0.370903 0.73539125 1.0350366 1.4561094 2.0471652
15.809778 0.36787409 0.73256666 1.0333111 1.4568587 2.0527004
16.08587 0.36486689 0.7297466 1.0315794 1.4575952 2.0582318
16.366784 0.36188131 0.72693123 1.0298417 1.4583193 2.0637596
16.652604 0.3589173 0.72412067 1.0280981 1.459031 2.0692841
16.943415 0.35597477 0.72131508 1.0263489 1.4597307 2.0748054
17.239305 0.35305365 0.71851459 1.0245943 1.4604185 2.0803238
17.540362 0.35015385 0.71571932 1.0228344 1.4610946 2.0858394
17.846676 0.34727529 0.71292941 1.0210695 1.4617591 2.0913524
18.15834 0.34441789 0.71014498 1.0192997 1.4624124 2.0968632
18.475446 0.34158156 0.70736615 1.0175252 1.4630546 2.1023717
18.79809 0.33876621 0.70459303 1.0157462 1.4636859 2.1078784
19.126369 0.33597176 0.70182574 1.0139628 1.4643064 2.1133833
19.460381 0.33319811 0.69906439 1.0121753 1.4649164 2.1188866
19.800225 0.33044518 0.69630907 1.0103837 1.465516 2.1243886
20.146004 0.32771285 0.6935599 1.0085883 1.4661053 2.1298893
20.497822 0.32500105 0.69081697 1.0067892 1.4666847 2.1353891
20.855784 0.32230966 0.68808039 1.0049865 1.4672542 2.140888
21.219997 0.31963861 0.68535023 1.0031805 1.467814 2.1463863
21.59057 0.31698777 0.68262659 1.0013712 1.4683642 2.1518842
21.967615 0.31435706 0.67990956 0.9995588 1.4689051 2.1573817
22.351244 0.31174637 0.67719923 0.99774347 1.4694368 2.1628792
22.741573 0.3091556 0.67449566 0.99592532 1.4699594 2.1683767
23.138718 0.30658465 0.67179895 0.9941045 1.4704731 2.1738744
23.542799 0.3040334 0.66910916 0.99228114 1.4709781 2.1793725
23.953936 0.30150176 0.66642638 0.99045537 1.4714744 2.1848712
24.372254 0.29898962 0.66375066 0.98862732 1.4719623 2.1903706
24.797876 0.29649687 0.66108209 0.98679711 1.4724419 2.1958709
25.230932 0.2940234 0.65842072 0.98496487 1.4729133 2.2013722
25.671549 0.2915691 0.65576661 0.98313072 1.4733767 2.2068747
26.119862 0.28913388 0.65311984 0.98129478 1.4738322 2.2123786
26.576004 0.28671761 0.65048045 0.97945716 1.4742799 2.217884
27.040111 0.28432018 0.6478485 0.97761797 1.4747199 2.2233911
27.512324 0.2819415 0.64522406 0.97577734 1.4751525 2.2289
27.992782 0.27958143 0.64260716 0.97393536 1.4755777 2.2344109
28.481632 0.27723989 0.63999786 0.97209215 1.4759956 2.2399238
28.979018 0.27491674 0.63739621 0.9702478 1.4764064 2.245439
29.48509 0.27261188 0.63480225 0.96840243 1.4768102 2.2509567
30 0.2703252 0.63221604 0.96655612 1.4772071 2.2564768
30.523902 0.26805659 0.6296376 0.96470898 1.4775972 2.2619997
31.056953 0.26580593 0.62706698 0.9628611 1.4779807 2.2675253
31.599313 0.26357311 0.62450422 0.96101258 1.4783576 2.273054
32.151145 0.26135802 0.62194936 0.95916351 1.4787281 2.2785857
32.712613 0.25916054 0.61940243 0.95731398 1.4790922 2.2841206
33.283887 0.25698057 0.61686347 0.95546407 1.4794502 2.289659
33.865137 0.25481798 0.6143325 0.95361388 1.479802 2.2952008
34.456537 0.25267267 0.61180956 0.95176348 1.4801478 2.3007462
35.058266 0.25054451 0.60929467 0.94991296 1.4804877 2.3062954
35.670502 0.24843341 0.60678787 0.9480624 1.4808218 2.3118484
36.293431 0.24633924 0.60428917 0.94621188 1.4811502 2.3174055
36.927237 0.2442619 0.60179861 0.94436147 1.481473 2.3229667
37.572113 0.24220126 0.59931621 0.94251125 1.4817903 2.3285321
38.22825 0.24015723 0.59684198 0.9406613 1.4821021 2.3341019
38.895845 0.23812967 0.59437595 0.93881169 1.4824087 2.3396762
39.575099 0.23611849 0.59191814 0.93696248 1.4827099 2.3452551
40.266215 0.23412357 0.58946856 0.93511375 1.4830061 2.3508388
40.9694 0.23214479 0.58702723 0.93326557 1.4832971 2.3564273
41.684865 0.23018205 0.58459417 0.931418 1.4835832 2.3620207
42.412824 0.22823524 0.58216939 0.9295711 1.4838645 2.3676192
43.153497 0.22630424 0.5797529 0.92772494 1.4841409 2.3732229
43.907104 0.22438894 0.57734471 0.92587958 1.4844125 2.3788319
44.673871 0.22248923 0.57494484 0.92403508 1.4846796 2.3844463
45.454029 0.220605 0.5725533 0.9221915 1.484942 2.3900662
46.247811 0.21873615 0.57017009 0.9203489 1.4852 2.3956917
47.055455 0.21688255 0.56779522 0.91850734 1.4854536 2.401323
47.877203 0.21504411 0.5654287 0.91666686 1.4857028 2.4069601
48.713302 0.21322071 0.56307053 0.91482753 1.4859478 2.4126031
49.564002 0.21141224 0.56072072 0.9129894 1.4861885 2.4182522
50.429558 0.2096186 0.55837928 0.91115251 1.4864252 2.4239074
51.31023 0.20783968 0.55604619 0.90931692 1.4866578 2.4295689
52.206281 0.20607536 0.55372148 0.90748269 1.4868864 2.4352367
53.117981 0.20432555 0.55140513 0.90564984 1.4871111 2.4409109
54.045601 0.20259014 0.54909715 0.90381845 1.487332 2.4465917
54.989421 0.20086901 0.54679754 0.90198854 1.4875491 2.4522792
55.949724 0.19916207 0.54450629 0.90016016 1.4877625 2.4579733
56.926796 0.19746921 0.54222341 0.89833337 1.4879722 2.4636743
57.920932 0.19579033 0.53994889 0.8965082 1.4881783 2.4693823
58.932428 0.19412531 0.53768273 0.89468469 1.488381 2.4750972
59.961589 0.19247406 0.53542493 0.89286289 1.4885801 2.4808192
61.008723 0.19083648 0.53317547 0.89104283 1.4887758 2.4865485
62.074142 0.18921245 0.53093436 0.88922455 1.4889682 2.492285
63.158168 0.18760188 0.52870159 0.8874081 1.4891573 2.498029
64.261125 0.18600467 0.52647715 0.8855935 1.4893432 2.5037804
65.383343 0.18442071 0.52426103 0.8837808 1.4895258 2.5095393
66.525158 0.1828499 0.52205322 0.88197003 1.4897054 2.5153059
67.686914 0.18129215 0.51985373 0.88016123 1.4898818 2.5210802
68.868958 0.17974735 0.51766253 0.87835443 1.4900553 2.5268624
70.071644 0.1782154 0.51547963 0.87654966 1.4902258 2.5326524
71.295333 0.17669621 0.513305 0.87474695 1.4903933 2.5384505
72.540393 0.17518968 0.51113863 0.87294634 1.490558 2.5442566
73.807195 0.1736957 0.50898053 0.87114786 1.4907199 2.5500708
75.096119 0.17221419 0.50683067 0.86935153 1.490879 2.5558933
76.407553 0.17074504 0.50468904 0.86755739 1.4910354 2.5617241
77.741889 0.16928816 0.50255564 0.86576547 1.4911891 2.5675633
79.099527 0.16784345 0.50043044 0.86397578 1.4913401 2.573411
80.480874 0.16641083 0.49831343 0.86218837 1.4914886 2.5792672
81.886344 0.16499018 0.49620461 0.86040325 1.4916346 2.585132
83.316358 0.16358143 0.49410395 0.85862045 1.491778 2.5910056
84.771345 0.16218448 0.49201144 0.85684 1.491919 2.5968879
86.251741 0.16079922 0.48992706 0.85506191 1.4920575 2.6027791
87.75799 0.15942559 0.48785081 0.85328623 1.4921937 2.6086792
89.290543 0.15806347 0.48578266 0.85151296 1.4923276 2.6145884
90.84986 0.15671278 0.4837226 0.84974213 1.4924591 2.6205066
92.436408 0.15537343 0.48167061 0.84797376 1.4925885 2.626434
94.050662 0.15404533 0.47962667 0.84620787 1.4927155 2.6323706
95.693106 0.1527284 0.47759078 0.84444449 1.4928405 2.6383165
97.364234 0.15142253 0.4755629 0.84268364 1.4929632 2.6442718
99.064545 0.15012765 0.47354302 0.84092532 1.4930839 2.6502365
100.79455 0.14884366 0.47153113 0.83916957 1.4932025 2.6562108
102.55476 0.14757048 0.46952721 0.83741641 1.4933191 2.6621946
104.34572 0.14630802 0.46753123 0.83566584 1.4934337 2.6681881
106.16795 0.1450562 0.46554318 0.83391789 1.4935463 2.6741913
108.022 0.14381493 0.46356304 0.83217257 1.493657 2.6802043
109.90844 0.14258413 0.46159079 0.83042991 1.4937657 2.6862272
111.82781 0.1413637 0.45962641 0.82868992 1.4938727 2.6922599
113.78071 0.14015358 0.45766988 0.8269526 1.4939778 2.6983027
115.7677 0.13895367 0.45572118 0.82521799 1.494081 2.7043555
117.7894 0.1377639 0.45378029 0.82348609 1.4941826 2.7104185
119.84641 0.13658418 0.45184719 0.82175692 1.4942823 2.7164916
121.93933 0.13541442 0.44992186 0.82003049 1.4943804 2.722575
124.06881 0.13425456 0.44800427 0.81830681 1.4944768 2.7286688
126.23547 0.1331045 0.44609441 0.8165859 1.4945715 2.7347729
128.43997 0.13196417 0.44419226 0.81486778 1.4946646 2.7408874
130.68297 0.1308335 0.44229779 0.81315245 1.4947562 2.7470124
132.96514 0.12971239 0.44041098 0.81143992 1.4948461 2.7531481
135.28716 0.12860078 0.43853182 0.80973021 1.4949345 2.7592943
137.64974 0.12749858 0.43666027 0.80802333 1.4950214 2.7654513
140.05357 0.12640572 0.43479632 0.80631929 1.4951068 2.771619
142.49938 0.12532213 0.43293994 0.8046181 1.4951907 2.7777975
144.98791 0.12424772 0.43109111 0.80291977 1.4952732 2.7839869
147.51989 0.12318243 0.42924982 0.8012243 1.4953543 2.7901872
150.09609 0.12212617 0.42741603 0.79953172 1.495434 2.7963985
152.71728 0.12107887 0.42558972 0.79784202 1.4955123 2.8026209
155.38424 0.12004047 0.42377088 0.79615523 1.4955893 2.8088544
158.09778 0.11901088 0.42195947 0.79447133 1.495665 2.815099
160.8587 0.11799003 0.42015548 0.79279035 1.4957393 2.8213549
163.66784 0.11697785 0.41835888 0.7911123 1.4958124 2.8276221
166.52604 0.11597428 0.41656965 0.78943717 1.4958843 2.8339006
169.43415 0.11497924 0.41478777 0.78776498 1.4959549 2.8401905
172.39305 0.11399265 0.41301321 0.78609573 1.4960243 2.8464919
175.40362 0.11301445 0.41124594 0.78442943 1.4960925 2.8528048
178.46676 0.11204458 0.40948595 0.78276609 1.4961595 2.8591292
181.5834 0.11108295 0.40773322 0.78110571 1.4962254 2.8654653
184.75446 0.11012951 0.40598771 0.7794483 1.4962901 2.8718131
187.9809 0.10918418 0.4042494 0.77779387 1.4963538 2.8781726
191.26369 0.1082469 0.40251828 0.77614242 1.4964163 2.8845438
194.60381 0.1073176 0.40079431 0.77449395 1.4964778 2.890927
198.00225 0.10639622 0.39907747 0.77284847 1.4965383 2.897322
201.46004 0.10548268 0.39736774 0.77120599 1.4965976 2.903729
204.97822 0.10457693 0.3956651 0.7695665 1.496656 2.9101479
208.55784 0.1036789 0.39396951 0.76793002 1.4967134 2.916579
212.19997 0.10278852 0.39228097 0.76629655 1.4967698 2.9230221
215.9057 0.10190573 0.39059943 0.76466609 1.4968252 2.9294774
219.67615 0.10103047 0.38892488 0.76303865 1.4968797 2.935945
223.51244 0.10016267 0.3872573 0.76141422 1.4969332 2.9424247
227.41573 0.099302278 0.38559665 0.75979282 1.4969858 2.9489169
231.38718 0.098449225 0.38394292 0.75817444 1.4970375 2.9554213
235.42799 0.097603452 0.38229608 0.75655909 1.4970884 2.9619382
239.53936 0.096764897 0.38065611 0.75494677 1.4971383 2.9684676
243.72254 0.0959335 0.37902297 0.75333748 1.4971874 2.9750095
247.97876 0.095109201 0.37739666 0.75173123 1.4972357 2.981564
252.30932 0.094291942 0.37577714 0.75012802 1.4972831 2.9881311
256.71549 0.093481662 0.37416439 0.74852784 1.4973297 2.9947109
261.19862 0.092678303 0.37255838 0.74693071 1.4973755 3.0013034
265.76004 0.091881807 0.3709591 0.74533662 1.4974206 3.0079086
270.40111 0.091092118 0.36936651 0.74374557 1.4974648 3.0145267
275.12324 0.090309177 0.36778059 0.74215757 1.4975083 3.0211577
279.92782 0.089532927 0.36620132 0.74057262 1.4975511 3.0278016
284.81632 0.088763314 0.36462867 0.73899071 1.4975931 3.0344585
289.79018 0.08800028 0.36306262 0.73741185 1.4976344 3.0411283
294.8509 0.087243771 0.36150315 0.73583604 1.497675 3.0478113
300 0.086493732 0.35995023 0.73426328 1.4977149 3.0545073
