r direct reverb total
0.1 73.775494 54.59726 73.827656
0.10320276 73.501668 54.59726 73.557203
0.10650809 73.227842 54.59726 73.286967
0.10991928 72.954017 54.59726 73.016961
0.11343973 72.680191 54.59726 72.7472
0.11707293 72.406365 54.59726 72.4777
0.12082249 72.132539 54.59726 72.208476
0.12469214 71.858713 54.59726 71.939546
0.12868572 71.584887 54.59726 71.670929
0.13280721 71.311061 54.59726 71.402645
0.1370607 71.037235 54.59726 71.134713
0.14145042 70.763409 54.59726 70.867155
0.14598073 70.489584 54.59726 70.599996
0.15065614 70.215758 54.59726 70.33326
0.15548129 69.941932 54.59726 70.066972
0.16046097 69.668106 54.59726 69.80116
0.16560015 69.39428 54.59726 69.535854
0.17090392 69.120454 54.59726 69.271084
0.17637755 68.846628 54.59726 69.006883
0.18202649 68.572802 54.59726 68.743284
0.18785636 68.298976 54.59726 68.480325
0.19387294 68.02515 54.59726 68.218043
0.20008222 67.751325 54.59726 67.956478
0.20649036 67.477499 54.59726 67.695674
0.21310374 67.203673 54.59726 67.435674
0.21992894 66.929847 54.59726 67.176526
0.22697272 66.656021 54.59726 66.918279
0.2342421 66.382195 54.59726 66.660985
0.24174431 66.108369 54.59726 66.404697
0.24948679 65.834543 54.59726 66.149473
0.25747724 65.560717 54.59726 65.895373
0.26572361 65.286891 54.59726 65.642458
0.27423409 65.013066 54.59726 65.390795
0.28301714 64.73924 54.59726 65.140449
0.29208148 64.465414 54.59726 64.891493
0.30143614 64.191588 54.59726 64.644
0.3110904 63.917762 54.59726 64.398046
0.32105387 63.643936 54.59726 64.153711
0.33133644 63.37011 54.59726 63.911076
0.34194834 63.096284 54.59726 63.670227
0.35290011 62.822458 54.59726 63.431251
0.36420264 62.548632 54.59726 63.194238
0.37586716 62.274807 54.59726 62.95928
0.38790527 62.000981 54.59726 62.726473
0.40032893 61.727155 54.59726 62.495913
0.41315049 61.453329 54.59726 62.267701
0.42638269 61.179503 54.59726 62.041935
0.44003869 60.905677 54.59726 61.818719
0.45413205 60.631851 54.59726 61.598157
0.46867679 60.358025 54.59726 61.380351
0.48368737 60.084199 54.59726 61.165407
0.49917869 59.810374 54.59726 60.953429
0.51516617 59.536548 54.59726 60.744522
0.53166568 59.262722 54.59726 60.538789
0.54869364 58.988896 54.59726 60.336332
0.56626695 58.71507 54.59726 60.137253
0.5844031 58.441244 54.59726 59.941647
0.60312011 58.167418 54.59726 59.749612
0.62243657 57.893592 54.59726 59.561238
0.6423717 57.619766 54.59726 59.376614
0.66294529 57.34594 54.59726 59.195822
0.68417781 57.072115 54.59726 59.018941
0.70609036 56.798289 54.59726 58.846044
0.72870471 56.524463 54.59726 58.677196
0.75204334 56.250637 54.59726 58.512458
0.77612946 55.976811 54.59726 58.351884
0.80098699 55.702985 54.59726 58.195518
0.82664065 55.429159 54.59726 58.043398
0.85311593 55.155333 54.59726 57.895554
0.88043915 54.881507 54.59726 57.752009
0.90863747 54.607681 54.59726 57.612774
0.93773891 54.333856 54.59726 57.477854
0.9677724 54.06003 54.59726 57.347246
0.99876778 53.786204 54.59726 57.220937
1.0307559 53.512378 54.59726 57.098907
1.0637685 53.238552 54.59726 56.981125
1.0978384 52.964726 54.59726 56.867555
1.1329995 52.6909 54.59726 56.758152
1.1692867 52.417074 54.59726 56.652862
1.2067361 52.143248 54.59726 56.551628
1.2453849 51.869422 54.59726 56.454382
1.2852715 51.595597 54.59726 56.361053
1.3264356 51.321771 54.59726 56.271563
1.3689181 51.047945 54.59726 56.185828
1.4127612 50.774119 54.59726 56.103762
1.4580085 50.500293 54.59726 56.025273
1.504705 50.226467 54.59726 55.950266
1.552897 49.952641 54.59726 55.878643
1.6026325 49.678815 54.59726 55.810304
1.6539609 49.404989 54.59726 55.745147
1.7069333 49.131164 54.59726 55.683069
1.7616022 48.857338 54.59726 55.623965
1.818022 48.583512 54.59726 55.567731
1.8762488 48.309686 54.59726 55.514262
1.9363404 48.03586 54.59726 55.463453
1.9983567 47.762034 54.59726 55.415202
2.0623592 47.488208 54.59726 55.369406
2.1284115 47.214382 54.59726 55.325965
2.1965794 46.940556 54.59726 55.284778
2.2669304 46.66673 54.59726 55.24575
2.3395347 46.392905 54.59726 55.208784
2.4144643 46.119079 54.59726 55.173788
2.4917937 45.845253 54.59726 55.140672
2.5715997 45.571427 54.59726 55.109348
2.6539618 45.297601 54.59726 55.079731
2.7389617 45.023775 54.59726 55.051738
2.826684 44.749949 54.59726 55.025291
2.9172158 44.476123 54.59726 55.000313
3.0106471 44.202297 54.59726 54.976729
3.1070707 43.928471 54.59726 54.954469
3.2065826 43.654646 54.59726 54.933465
3.3092816 43.38082 54.59726 54.913651
3.4152699 43.106994 54.59726 54.894965
3.5246526 42.833168 54.59726 54.877348
3.6375386 42.559342 54.59726 54.860742
3.7540401 42.285516 54.59726 54.845093
3.8742729 42.01169 54.59726 54.830348
3.9983564 41.737864 54.59726 54.816459
4.126414 41.464038 54.59726 54.803377
4.2585729 41.190212 54.59726 54.791059
4.3949646 40.916387 54.59726 54.779462
4.5357246 40.642561 54.59726 54.768546
4.6809928 40.368735 54.59726 54.758271
4.8309136 40.094909 54.59726 54.748602
4.985636 39.821083 54.59726 54.739504
5.1453137 39.547257 54.59726 54.730945
5.3101055 39.273431 54.59726 54.722893
5.4801753 38.999605 54.59726 54.715319
5.6556919 38.725779 54.59726 54.708197
5.8368299 38.451954 54.59726 54.701499
6.0237693 38.178128 54.59726 54.695201
6.216696 37.904302 54.59726 54.689279
6.4158016 37.630476 54.59726 54.683712
6.621284 37.35665 54.59726 54.678478
6.8333476 37.082824 54.59726 54.673559
7.052203 36.808998 54.59726 54.668935
7.2780679 36.535172 54.59726 54.664589
7.5111666 36.261346 54.59726 54.660505
7.751731 35.98752 54.59726 54.656666
8 35.713695 54.59726 54.65306
