re im
0 0
2.3314684e-14 0.012217615
1.4788171e-12 0.024437091
1.6855406e-11 0.03666029
9.4793506e-11 0.048889077
3.6204439e-10 0.06112532
1.0826511e-09 0.073370891
2.7347964e-09 0.085627668
6.1058929e-09 0.097897537
1.2406628e-08 0.11018239
2.3404821e-08 0.12248413
4.1580094e-08 0.13480467
7.0300525e-08 0.14714594
1.1402261e-07 0.15950986
1.7851601e-07 0.17189841
2.7111488e-07 0.18431353
4.0099752e-07 0.19675722
5.7949657e-07 0.20923149
8.2044215e-07 0.22173835
1.1405404e-06 0.23427984
1.5597904e-06 0.24685805
2.1019429e-06 0.25947505
2.7950034e-06 0.27213298
3.6717854e-06 0.28483397
4.7705158e-06 0.2975802
6.1354987e-06 0.31037389
7.8178423e-06 0.32321727
9.8762553e-06 0.33611263
1.2377917e-05 0.34906229
1.5399431e-05 0.3620686
1.9027869e-05 0.37513397
2.3361909e-05 0.38826084
2.8513089e-05 0.40145172
3.4607168e-05 0.41470914
4.1785628e-05 0.42803573
5.0207307e-05 0.44143413
6.0050196e-05 0.45490709
7.1513401e-05 0.46845738
8.4819301e-05 0.48208786
0.00010021591 0.49580149
0.00011797945 0.50960127
0.00013841723 0.5234903
0.00016187073 0.53747179
0.00018871905 0.551549
0.00021938269 0.56572535
0.00025432767 0.58000433
0.00029407013 0.59438957
0.00033918136 0.60888481
0.00039029333 0.62349393
0.00044810485 0.63822097
0.00051338833 0.65307012
0.00058699729 0.66804573
0.00066987464 0.68315234
0.0007630619 0.6983947
0.00086770941 0.71377775
0.0009850877 0.72930667
0.0011166001 0.74498691
0.0012637968 0.76082417
0.0014283907 0.77682444
0.0016122749 0.79299407
0.0018175423 0.80933974
0.0020465079 0.82586851
0.0023017336 0.84258789
0.002586056 0.85950584
0.0029026179 0.87663085
0.0032549045 0.89397197
0.0036467831 0.91153888
0.0040825499 0.92934197
0.0045669812 0.94739239
0.0051053942 0.96570218
0.0057037144 0.98428434
0.0063685547 1.0031529
0.0071073045 1.0223233
0.0079282347 1.0418121
0.0088406166 1.0616376
0.0098548622 1.0818197
0.010982685 1.1023805
0.012237289 1.1233443
0.013633588 1.1447379
0.015188465 1.1665913
0.01692107 1.1889379
0.018853177 1.2118151
0.021009593 1.2352648
0.023418648 1.2593344
0.026112751 1.2840777
0.029129046 1.3095555
0.032510148 1.3358373
0.036304967 1.3630025
0.040569589 1.3911419
0.045368155 1.4203593
0.050773595 1.4507736
0.056867992 1.4825196
0.063742119 1.5157493
0.071493415 1.5506305
0.080221167 1.5873429
0.09001713 1.6260684
0.10094926 1.666973
0.11303646 1.7101766
0.12621445 1.7557089
0.14029838 1.8034577
0.15495689 1.8531255
0.16971797 1.9042202
0.18402002 1.9561018
0.19729696 2.0080775
0.20906355 2.0595074
0.21896761 2.1098797
0.22679948 2.1588358
0.2324708 2.2061577
0.23598149 2.2517353
0.23738816 2.2955335
0.23677949 2.3375634
0.23425938 2.3778622
0.22993636 2.41648
0.22391736 2.4534715
0.21630442 2.4888906
0.20719314 2.5227879
0.19667217 2.5552096
0.18482333 2.5861966
0.17172199 2.6157847
0.1574376 2.6440044
0.14203423 2.6708816
0.12557123 2.696438
0.10810365 2.720691
0.089682833 2.7436545
0.070356779 2.7653389
0.050170579 2.7857518
0.029166747 2.8048977
0.0073855262 2.8227787
-0.015134842 2.8393944
-0.038357879 2.8547421
-0.062248659 2.868817
-0.086773627 2.8816123
-0.11190042 2.893119
-0.13759775 2.9033264
-0.16383521 2.9122217
-0.19058321 2.9197904
-0.21781284 2.9260159
-0.24549574 2.9308798
-0.273604 2.9343619
-0.30211009 2.9364399
-0.33098671 2.9370899
-0.36020667 2.9362858
-0.38974279 2.934
-0.41956776 2.9302031
-0.44965393 2.9248645
-0.47997316 2.9179524
-0.51049656 2.9094346
-0.54119424 2.8992797
-0.5720349 2.8874575
-0.60298548 2.8739415
-0.63401061 2.8587113
-0.66507204 2.8417556
-0.69612794 2.8230766
-0.72713222 2.802696
-0.75803378 2.7806612
-0.78877602 2.7570532
-0.81929666 2.7319944
-0.84952823 2.7056552
-0.87939954 2.6782572
-0.9088383 2.6500714
-0.93777498 2.6214084
-0.96614735 2.5926012
-0.99390512 2.5639821
-1.0210134 2.5358583
-1.0474546 2.5084907
-1.0732279 2.4820807
-1.098347 2.4567662
-1.1228374 2.4326253
-1.1467318 2.4096855
-1.170068 2.3879348
-1.1928852 2.3673328
-1.2152225 2.347821
-1.2371174 2.3293299
-1.2586052 2.3117851
-1.2797183 2.2951115
-1.3004864 2.2792356
-1.3209363 2.2640871
-1.3410921 2.2496001
-1.3609755 2.2357135
-1.3806057 2.2223705
-1.4 2.2095195
-1.4191739 2.1971128
-1.4381412 2.185107
-1.4569141 2.1734625
-1.4755037 2.162143
-1.4939197 2.1511155
-1.512171 2.1403498
-1.5302653 2.1298181
-1.5482095 2.119495
-1.56601 2.1093572
-1.5836722 2.0993833
-1.6012011 2.0895535
-1.618601 2.0798496
-1.6358757 2.0702548
-1.6530287 2.0607534
-1.6700629 2.051331
-1.6869808 2.0419743
-1.7037847 2.0326707
-1.7204764 2.0234086
-1.7370577 2.0141773
-1.7535297 2.0049667
-1.7698936 1.9957673
-1.7861502 1.9865704
-1.8023 1.9773677
-1.8183435 1.9681516
-1.834281 1.9589149
-1.8501124 1.9496509
-1.8658376 1.9403532
-1.8814564 1.931016
-1.8969683 1.9216337
-1.9123728 1.9122013
-1.9276692 1.9027138
-1.9428569 1.8931668
-1.9579348 1.8835562
-1.972902 1.8738779
-1.9877575 1.8641285
-2.0025 1.8543044
-2.0171285 1.8444027
-2.0316416 1.8344205
-2.046038 1.8243551
-2.0603163 1.8142041
-2.074475 1.8039653
-2.0885126 1.7936368
-2.1024277 1.7832167
-2.1162187 1.7727035
-2.129884 1.7620958
-2.143422 1.7513924
-2.156831 1.7405922
-2.1701096 1.7296944
-2.1832559 1.7186983
-2.1962685 1.7076033
-2.2091456 1.6964091
-2.2218857 1.6851154
-2.2344871 1.6737222
-2.2469483 1.6622296
-2.2592676 1.6506377
-2.2714436 1.638947
-2.2834746 1.6271578
-2.2953593 1.615271
-2.3070962 1.6032871
-2.3186838 1.591207
-2.3301209 1.5790319
-2.341406 1.5667626
-2.3525379 1.5544006
-2.3635155 1.5419471
-2.3743375 1.5294035
-2.3850028 1.5167713
-2.3955105 1.5040523
-2.4058595 1.4912481
-2.416049 1.4783605
-2.4260781 1.4653914
-2.4359461 1.4523429
-2.4456523 1.4392169
-2.455196 1.4260156
-2.4645769 1.4127412
-2.4737944 1.399396
-2.4828481 1.3859824
-2.4917378 1.3725026
-2.5004634 1.3589591
-2.5090247 1.3453545
-2.5174217 1.3316913
-2.5256544 1.317972
-2.5337231 1.3041993
-2.541628 1.2903758
-2.5493695 1.2765042
-2.556948 1.2625872
-2.5643639 1.2486275
-2.5716181 1.2346278
-2.578711 1.220591
-2.5856437 1.2065198
-2.5924168 1.1924168
-2.5990315 1.178285
-2.6054887 1.1641269
-2.6117897 1.1499455
-2.6179356 1.1357433
-2.6239278 1.1215232
-2.6297676 1.1072877
-2.6354565 1.0930396
-2.6409961 1.0787815
-2.646388 1.064516
-2.6516339 1.0502456
-2.6567355 1.0359728
-2.6616947 1.0217002
-2.6665133 1.0074302
-2.6711933 0.99316507
-2.6757367 0.97890723
-2.6801456 0.9646589
-2.684422 0.95042231
-2.6885682 0.93619959
-2.6925862 0.92199281
-2.6964785 0.907804
-2.7002471 0.89363509
-2.7038945 0.87948795
-2.707423 0.86536438
-2.7108349 0.85126611
-2.7141326 0.83719478
-2.7173185 0.82315196
-2.7203951 0.80913915
-2.7233647 0.79515775
-2.7262299 0.7812091
-2.728993 0.76729446
-2.7316565 0.753415
-2.7342228 0.7395718
-2.7366945 0.72576588
-2.7390738 0.71199816
-2.7413632 0.6982695
-2.7435652 0.68458066
-2.7456821 0.67093232
-2.7477162 0.65732511
-2.74967 0.64375955
-2.7515457 0.6302361
-2.7533456 0.61675512
-2.755072 0.60331694
-2.7567272 0.58992176
-2.7583132 0.57656976
-2.7598324 0.56326101
-2.7612867 0.54999554
-2.7626784 0.53677329
-2.7640094 0.52359414
-2.7652817 0.51045791
-2.7664973 0.49736435
-2.7676582 0.48431317
-2.7687662 0.47130398
-2.769823 0.45833638
-2.7708306 0.44540988
-2.7717907 0.43252394
-2.7727048 0.41967799
-2.7735748 0.40687139
-2.7744021 0.39410345
-2.7751883 0.38137346
-2.7759348 0.36868063
-2.7766432 0.35602415
-2.7773149 0.34340316
-2.777951 0.33081678
-2.7785531 0.31826406
-2.7791222 0.30574403
-2.7796596 0.29325571
-2.7801665 0.28079805
-2.7806439 0.26836998
-2.7810928 0.25597042
-2.7815143 0.24359825
-2.7819094 0.23125232
-2.7822788 0.21893145
-2.7826235 0.20663447
-2.7829443 0.19436014
-2.7832418 0.18210724
-2.7835169 0.16987452
-2.7837702 0.1576607
-2.7840023 0.1454645
-2.7842138 0.13328463
-2.7844051 0.12111975
-2.7845768 0.10896856
-2.7847292 0.096829701
-2.7848629 0.084701842
-2.784978 0.072583622
-2.7850749 0.060473678
-2.7851539 0.048370641
-2.7852151 0.036273135
-2.7852587 0.024179781
-2.7852849 0.012089198
-2.7852936 1.6964953e-16
-2.7852849 -0.012089198
-2.7852587 -0.024179781
-2.7852151 -0.036273135
-2.7851539 -0.048370641
-2.7850749 -0.060473678
-2.784978 -0.072583622
-2.7848629 -0.084701842
-2.7847292 -0.096829701
-2.7845768 -0.10896856
-2.7844051 -0.12111975
-2.7842138 -0.13328463
-2.7840023 -0.1454645
-2.7837702 -0.1576607
-2.7835169 -0.16987452
-2.7832418 -0.18210724
-2.7829443 -0.19436014
-2.7826235 -0.20663447
-2.7822788 -0.21893145
-2.7819094 -0.23125232
-2.7815143 -0.24359825
-2.7810928 -0.25597042
-2.7806439 -0.26836998
-2.7801665 -0.28079805
-2.7796596 -0.29325571
-2.7791222 -0.30574403
-2.7785531 -0.31826406
-2.777951 -0.33081678
-2.7773149 -0.34340316
-2.7766432 -0.35602415
-2.7759348 -0.36868063
-2.7751883 -0.38137346
-2.7744021 -0.39410345
-2.7735748 -0.40687139
-2.7727048 -0.41967799
-2.7717907 -0.43252394
-2.7708306 -0.44540988
-2.769823 -0.45833638
-2.7687662 -0.47130398
-2.7676582 -0.48431317
-2.7664973 -0.49736435
-2.7652817 -0.51045791
-2.7640094 -0.52359414
-2.7626784 -0.53677329
-2.7612867 -0.54999554
-2.7598324 -0.56326101
-2.7583132 -0.57656976
-2.7567272 -0.58992176
-2.755072 -0.60331694
-2.7533456 -0.61675512
-2.7515457 -0.6302361
-2.74967 -0.64375955
-2.7477162 -0.65732511
-2.7456821 -0.67093232
-2.7435652 -0.68458066
-2.7413632 -0.6982695
-2.7390738 -0.71199816
-2.7366945 -0.72576588
-2.7342228 -0.7395718
-2.7316565 -0.753415
-2.728993 -0.76729446
-2.7262299 -0.7812091
-2.7233647 -0.79515775
-2.7203951 -0.80913915
-2.7173185 -0.82315196
-2.7141326 -0.83719478
-2.7108349 -0.85126611
-2.707423 -0.86536438
-2.7038945 -0.87948795
-2.7002471 -0.89363509
-2.6964785 -0.907804
-2.6925862 -0.92199281
-2.6885682 -0.93619959
-2.684422 -0.95042231
-2.6801456 -0.9646589
-2.6757367 -0.97890723
-2.6711933 -0.99316507
-2.6665133 -1.0074302
-2.6616947 -1.0217002
-2.6567355 -1.0359728
-2.6516339 -1.0502456
-2.646388 -1.064516
-2.6409961 -1.0787815
-2.6354565 -1.0930396
-2.6297676 -1.1072877
-2.6239278 -1.1215232
-2.6179356 -1.1357433
-2.6117897 -1.1499455
-2.6054887 -1.1641269
-2.5990315 -1.178285
-2.5924168 -1.1924168
-2.5856437 -1.2065198
-2.578711 -1.220591
-2.5716181 -1.2346278
-2.5643639 -1.2486275
-2.556948 -1.2625872
-2.5493695 -1.2765042
-2.541628 -1.2903758
-2.5337231 -1.3041993
-2.5256544 -1.317972
-2.5174217 -1.3316913
-2.5090247 -1.3453545
-2.5004634 -1.3589591
-2.4917378 -1.3725026
-2.4828481 -1.3859824
-2.4737944 -1.399396
-2.4645769 -1.4127412
-2.455196 -1.4260156
-2.4456523 -1.4392169
-2.4359461 -1.4523429
-2.4260781 -1.4653914
-2.416049 -1.4783605
-2.4058595 -1.4912481
-2.3955105 -1.5040523
-2.3850028 -1.5167713
-2.3743375 -1.5294035
-2.3635155 -1.5419471
-2.3525379 -1.5544006
-2.341406 -1.5667626
-2.3301209 -1.5790319
-2.3186838 -1.591207
-2.3070962 -1.6032871
-2.2953593 -1.615271
-2.2834746 -1.6271578
-2.2714436 -1.638947
-2.2592676 -1.6506377
-2.2469483 -1.6622296
-2.2344871 -1.6737222
-2.2218857 -1.6851154
-2.2091456 -1.6964091
-2.1962685 -1.7076033
-2.1832559 -1.7186983
-2.1701096 -1.7296944
-2.156831 -1.7405922
-2.143422 -1.7513924
-2.129884 -1.7620958
-2.1162187 -1.7727035
-2.1024277 -1.7832167
-2.0885126 -1.7936368
-2.074475 -1.8039653
-2.0603163 -1.8142041
-2.046038 -1.8243551
-2.0316416 -1.8344205
-2.0171285 -1.8444027
-2.0025 -1.8543044
-1.9877575 -1.8641285
-1.972902 -1.8738779
-1.9579348 -1.8835562
-1.9428569 -1.8931668
-1.9276692 -1.9027138
-1.9123728 -1.9122013
-1.8969683 -1.9216337
-1.8814564 -1.931016
-1.8658376 -1.9403532
-1.8501124 -1.9496509
-1.834281 -1.9589149
-1.8183435 -1.9681516
-1.8023 -1.9773677
-1.7861502 -1.9865704
-1.7698936 -1.9957673
-1.7535297 -2.0049667
-1.7370577 -2.0141773
-1.7204764 -2.0234086
-1.7037847 -2.0326707
-1.6869808 -2.0419743
-1.6700629 -2.051331
-1.6530287 -2.0607534
-1.6358757 -2.0702548
-1.618601 -2.0798496
-1.6012011 -2.0895535
-1.5836722 -2.0993833
-1.56601 -2.1093572
-1.5482095 -2.119495
-1.5302653 -2.1298181
-1.512171 -2.1403498
-1.4939197 -2.1511155
-1.4755037 -2.162143
-1.4569141 -2.1734625
-1.4381412 -2.185107
-1.4191739 -2.1971128
-1.4 -2.2095195
-1.3806057 -2.2223705
-1.3609755 -2.2357135
-1.3410921 -2.2496001
-1.3209363 -2.2640871
-1.3004864 -2.2792356
-1.2797183 -2.2951115
-1.2586052 -2.3117851
-1.2371174 -2.3293299
-1.2152225 -2.347821
-1.1928852 -2.3673328
-1.170068 -2.3879348
-1.1467318 -2.4096855
-1.1228374 -2.4326253
-1.098347 -2.4567662
-1.0732279 -2.4820807
-1.0474546 -2.5084907
-1.0210134 -2.5358583
-0.99390512 -2.5639821
-0.96614735 -2.5926012
-0.93777498 -2.6214084
-0.9088383 -2.6500714
-0.87939954 -2.6782572
-0.84952823 -2.7056552
-0.81929666 -2.7319944
-0.78877602 -2.7570532
-0.75803378 -2.7806612
-0.72713222 -2.802696
-0.69612794 -2.8230766
-0.66507204 -2.8417556
-0.63401061 -2.8587113
-0.60298548 -2.8739415
-0.5720349 -2.8874575
-0.54119424 -2.8992797
-0.51049656 -2.9094346
-0.47997316 -2.9179524
-0.44965393 -2.9248645
-0.41956776 -2.9302031
-0.38974279 -2.934
-0.36020667 -2.9362858
-0.33098671 -2.9370899
-0.30211009 -2.9364399
-0.273604 -2.9343619
-0.24549574 -2.9308798
-0.21781284 -2.9260159
-0.19058321 -2.9197904
-0.16383521 -2.9122217
-0.13759775 -2.9033264
-0.11190042 -2.893119
-0.086773627 -2.8816123
-0.062248659 -2.868817
-0.038357879 -2.8547421
-0.015134842 -2.8393944
0.0073855262 -2.8227787
0.029166747 -2.8048977
0.050170579 -2.7857518
0.070356779 -2.7653389
0.089682833 -2.7436545
0.10810365 -2.720691
0.12557123 -2.696438
0.14203423 -2.6708816
0.1574376 -2.6440044
0.17172199 -2.6157847
0.18482333 -2.5861966
0.19667217 -2.5552096
0.20719314 -2.5227879
0.21630442 -2.4888906
0.22391736 -2.4534715
0.22993636 -2.41648
0.23425938 -2.3778622
0.23677949 -2.3375634
0.23738816 -2.2955335
0.23598149 -2.2517353
0.2324708 -2.2061577
0.22679948 -2.1588358
0.21896761 -2.1098797
0.20906355 -2.0595074
0.19729696 -2.0080775
0.18402002 -1.9561018
0.16971797 -1.9042202
0.15495689 -1.8531255
0.14029838 -1.8034577
0.12621445 -1.7557089
0.11303646 -1.7101766
0.10094926 -1.666973
0.09001713 -1.6260684
0.080221167 -1.5873429
0.071493415 -1.5506305
0.063742119 -1.5157493
0.056867992 -1.4825196
0.050773595 -1.4507736
0.045368155 -1.4203593
0.040569589 -1.3911419
0.036304967 -1.3630025
0.032510148 -1.3358373
0.029129046 -1.3095555
0.026112751 -1.2840777
0.023418648 -1.2593344
0.021009593 -1.2352648
0.018853177 -1.2118151
0.01692107 -1.1889379
0.015188465 -1.1665913
0.013633588 -1.1447379
0.012237289 -1.1233443
0.010982685 -1.1023805
0.0098548622 -1.0818197
0.0088406166 -1.0616376
0.0079282347 -1.0418121
0.0071073045 -1.0223233
0.0063685547 -1.0031529
0.0057037144 -0.98428434
0.0051053942 -0.96570218
0.0045669812 -0.94739239
0.0040825499 -0.92934197
0.0036467831 -0.91153888
0.0032549045 -0.89397197
0.0029026179 -0.87663085
0.002586056 -0.85950584
0.0023017336 -0.84258789
0.0020465079 -0.82586851
0.0018175423 -0.80933974
0.0016122749 -0.79299407
0.0014283907 -0.77682444
0.0012637968 -0.76082417
0.0011166001 -0.74498691
0.0009850877 -0.72930667
0.00086770941 -0.71377775
0.0007630619 -0.6983947
0.00066987464 -0.68315234
0.00058699729 -0.66804573
0.00051338833 -0.65307012
0.00044810485 -0.63822097
0.00039029333 -0.62349393
0.00033918136 -0.60888481
0.00029407013 -0.59438957
0.00025432767 -0.58000433
0.00021938269 -0.56572535
0.00018871905 -0.551549
0.00016187073 -0.53747179
0.00013841723 -0.5234903
0.00011797945 -0.50960127
0.00010021591 -0.49580149
8.4819301e-05 -0.48208786
7.1513401e-05 -0.46845738
6.0050196e-05 -0.45490709
5.0207307e-05 -0.44143413
4.1785628e-05 -0.42803573
3.4607168e-05 -0.41470914
2.8513089e-05 -0.40145172
2.3361909e-05 -0.38826084
1.9027869e-05 -0.37513397
1.5399431e-05 -0.3620686
1.2377917e-05 -0.34906229
9.8762553e-06 -0.33611263
7.8178423e-06 -0.32321727
6.1354987e-06 -0.31037389
4.7705158e-06 -0.2975802
3.6717854e-06 -0.28483397
2.7950034e-06 -0.27213298
2.1019429e-06 -0.25947505
1.5597904e-06 -0.24685805
1.1405404e-06 -0.23427984
8.2044215e-07 -0.22173835
5.7949657e-07 -0.20923149
4.0099752e-07 -0.19675722
2.7111488e-07 -0.18431353
1.7851601e-07 -0.17189841
1.1402261e-07 -0.15950986
7.0300525e-08 -0.14714594
4.1580094e-08 -0.13480467
2.3404821e-08 -0.12248413
1.2406628e-08 -0.11018239
6.1058929e-09 -0.097897537
2.7347964e-09 -0.085627668
1.0826509e-09 -0.073370891
3.6204439e-10 -0.06112532
9.4793506e-11 -0.048889077
1.6855406e-11 -0.03666029
1.4788171e-12 -0.024437091
2.3314684e-14 -0.012217615
0 0
