m F
0.5 -0.969045
0.50525659 -0.96577311
0.51056844 -0.96247556
0.51593614 -0.95915219
0.52136026 -0.95580287
0.52684142 -0.95242745
0.53238019 -0.94902579
0.5379772 -0.94559774
0.54363305 -0.94214316
0.54934836 -0.93866189
0.55512376 -0.93515381
0.56095987 -0.93161877
0.56685734 -0.92805662
0.57281681 -0.92446723
0.57883894 -0.92085045
0.58492437 -0.91720615
0.59107379 -0.91353417
0.59728785 -0.9098344
0.60356724 -0.90610668
0.60991265 -0.90235088
0.61632477 -0.89856687
0.6228043 -0.89475451
0.62935195 -0.89091366
0.63596844 -0.8870442
0.64265449 -0.88314598
0.64941083 -0.87921889
0.6562382 -0.87526279
0.66313735 -0.87127755
0.67010903 -0.86726304
0.677154 -0.86321914
0.68427304 -0.85914573
0.69146693 -0.85504268
0.69873644 -0.85090987
0.70608238 -0.84674718
0.71350555 -0.8425545
0.72100676 -0.8383317
0.72858683 -0.83407868
0.73624659 -0.82979531
0.74398688 -0.82548149
0.75180855 -0.82113712
0.75971244 -0.81676208
0.76769943 -0.81235626
0.77577039 -0.80791958
0.7839262 -0.80345192
0.79216776 -0.79895319
0.80049596 -0.79442329
0.80891171 -0.78986213
0.81741595 -0.78526963
0.82600958 -0.78064568
0.83469357 -0.77599022
0.84346885 -0.77130315
0.85233639 -0.7665844
0.86129715 -0.7618339
0.87035212 -0.75705156
0.87950228 -0.75223732
0.88874865 -0.74739111
0.89809222 -0.74251288
0.90753402 -0.73760256
0.91707509 -0.73266009
0.92671646 -0.72768542
0.93645919 -0.72267852
0.94630435 -0.71763932
0.95625302 -0.7125678
0.96630627 -0.70746391
0.97646522 -0.70253842
0.98673097 -0.69760993
0.99710465 -0.69264736
1.0075874 -0.68765066
1.0181803 -0.68261979
1.0288846 -0.67755469
1.0397015 -0.67245532
1.0506321 -0.66732165
1.0616775 -0.66215364
1.0728391 -0.65695127
1.0841181 -0.65171451
1.0955156 -0.64644335
1.107033 -0.64113778
1.1186714 -0.63579778
1.1304322 -0.63042337
1.1423166 -0.62501455
1.154326 -0.61957133
1.1664616 -0.61409372
1.1787248 -0.60858176
1.191117 -0.60303547
1.2036394 -0.59745489
1.2162935 -0.59184007
1.2290806 -0.58619106
1.2420021 -0.58050792
1.2550595 -0.57479071
1.2682542 -0.56903951
1.2815876 -0.5632544
1.2950611 -0.55743547
1.3086763 -0.55158282
1.3224347 -0.54569655
1.3363377 -0.53977678
1.3503868 -0.53382364
1.3645837 -0.52783726
1.3789298 -0.52181777
1.3934267 -0.51576534
1.408076 -0.50968012
1.4228794 -0.50356228
1.4378384 -0.49741201
1.4529546 -0.49122949
1.4682298 -0.48501493
1.4836656 -0.47876855
1.4992636 -0.47249056
1.5150256 -0.46618121
1.5309534 -0.45984073
1.5470485 -0.4534694
1.5633129 -0.44706748
1.5797483 -0.44149427
1.5963565 -0.43624474
1.6131393 -0.43097827
1.6300985 -0.4256953
1.647236 -0.42039632
1.6645537 -0.4150818
1.6820534 -0.40975226
1.6997372 -0.40440821
1.7176068 -0.39905019
1.7356643 -0.39367875
1.7539116 -0.38829446
1.7723508 -0.38289791
1.7909839 -0.37748971
1.8098128 -0.37207047
1.8288397 -0.36664083
1.8480666 -0.36120147
1.8674956 -0.35575306
1.8871289 -0.35029629
1.9069687 -0.3448319
1.927017 -0.33936061
1.947276 -0.33388319
1.9677481 -0.32840043
1.9884354 -0.32291313
2.0093401 -0.31742211
2.0304647 -0.31192822
2.0518113 -0.30643235
2.0733824 -0.30093538
2.0951802 -0.29543824
2.1172072 -0.28994186
2.1394658 -0.28444724
2.1619584 -0.27895535
2.1846874 -0.27346722
2.2076554 -0.2679839
2.2308649 -0.26250647
2.2543184 -0.25703603
2.2780184 -0.25157371
2.3019676 -0.24612068
2.3261686 -0.24067813
2.350624 -0.23524727
2.3753366 -0.22982936
2.4003089 -0.22442569
2.4255438 -0.21903756
2.4510439 -0.21366633
2.4768122 -0.20831337
2.5028514 -0.2029801
2.5291643 -0.19766797
2.5557538 -0.19237846
2.5826229 -0.18711309
2.6097745 -0.18187341
2.6372115 -0.17666103
2.664937 -0.17147757
2.6929539 -0.1663247
2.7212654 -0.16120413
2.7498746 -0.15611761
2.7787845 -0.15106693
2.8079984 -0.14605392
2.8375193 -0.14108046
2.8673507 -0.13614847
2.8974956 -0.1312599
2.9279575 -0.12641676
2.9587397 -0.12162112
2.9898454 -0.11687506
3.0212782 -0.11218073
3.0530414 -0.10754034
3.0851386 -0.10295612
3.1175732 -0.098430377
3.1503488 -0.093965451
3.183469 -0.089563745
3.2169373 -0.085227711
3.2507576 -0.080959856
3.2849333 -0.076762744
3.3194684 -0.072638993
3.3543666 -0.068591279
3.3896316 -0.064622339
3.4252674 -0.060734966
3.4612779 -0.056932017
3.4976669 -0.053216408
3.5344385 -0.04959112
3.5715967 -0.046059197
3.6091455 -0.04262375
3.6470891 -0.039287955
3.6854316 -0.036076912
3.7241772 -0.033009107
3.7633301 -0.030051953
3.8028946 -0.027208921
3.8428752 -0.024483555
3.883276 -0.021879476
3.9241015 -0.019400378
3.9653563 -0.017050035
4.0070448 -0.014832298
4.0491716 -0.0127511
4.0917412 -0.010810453
4.1347584 -0.0090144559
4.1782279 -0.0073672893
4.2221543 -0.0058732215
4.2665426 -0.0045366085
4.3113975 -0.0033618958
4.356724 -0.0023536201
4.402527 -0.0015164107
4.4488115 -0.00085499162
4.4955827 -0.00037418287
4.5428455 -7.8902537e-05
4.5906053 2.5831576e-05
4.6388671 -6.5099855e-05
4.6876363 -0.00035691953
4.7369183 -0.00085495541
4.7867183 -0.0015646426
4.837042 -0.0024915252
4.8878946 -0.0036412586
4.9392819 -0.005019611
4.9912095 -0.0066324658
5.0436829 -0.0084858235
5.0967081 -0.010585804
5.1502907 -0.012938648
5.2044366 -0.015550722
5.2591517 -0.018428514
5.3144421 -0.021578645
5.3703138 -0.025007863
5.4267729 -0.028723049
5.4838255 -0.032731221
5.5414779 -0.037039532
5.5997364 -0.041655278
5.6586075 -0.046585894
5.7180974 -0.051838961
5.7782128 -0.05742221
5.8389601 -0.063343518
5.9003462 -0.069610918
5.9623775 -0.076232597
6.0250611 -0.083216901
6.0884036 -0.090572337
6.1524121 -0.098307576
6.2170935 -0.10643145
6.2824549 -0.11495298
6.3485034 -0.12388134
6.4152463 -0.13322587
6.482691 -0.14299613
6.5508446 -0.15320182
6.6197148 -0.16395882
6.6893091 -0.17568941
6.7596349 -0.18790476
6.8307002 -0.2006158
6.9025125 -0.21383362
6.9750799 -0.22756958
7.0484101 -0.24183522
7.1225113 -0.2566423
7.1973915 -0.27200282
7.273059 -0.287929
7.3495219 -0.30443327
7.4267887 -0.32152832
7.5048679 -0.33922707
7.5837679 -0.35754268
7.6634974 -0.37648857
7.7440651 -0.39607838
7.8254798 -0.41632605
7.9077505 -0.43724574
7.990886 -0.4588519
8.0748956 -0.48115924
8.1597884 -0.50418275
8.2455737 -0.52793768
8.3322609 -0.55243959
8.4198594 -0.57770432
8.5083789 -0.60374799
8.597829 -0.63058703
8.6882195 -0.65823817
8.7795603 -0.68671847
8.8718613 -0.71604527
8.9651328 -0.74623625
9.0593848 -0.77730941
9.1546277 -0.8092831
9.2508719 -0.84217597
9.348128 -0.87600705
9.4464065 -0.9107957
9.5457182 -0.94656163
9.6460741 -0.98332493
9.7474849 -1.021106
9.849962 -1.0599258
9.9535164 -1.0998053
10.058159 -1.1407663
10.163903 -1.1828307
10.270758 -1.2260208
10.378736 -1.2703595
10.487849 -1.3158699
10.59811 -1.3625758
10.70953 -1.410501
10.822121 -1.4596702
10.935896 -1.5101082
11.050867 -1.5618404
11.167046 -1.6148927
11.284448 -1.6692913
11.403083 -1.7250631
11.522966 -1.7822352
11.644109 -1.8408355
11.766525 -1.9008922
11.890229 -1.962434
12.015233 -2.0254903
12.141551 -2.0900907
12.269197 -2.1562657
12.398186 -2.2240462
12.52853 -2.2934634
12.660245 -2.3645496
12.793344 -2.4373371
12.927843 -2.5118591
13.063755 -2.5881494
13.201097 -2.6662423
13.339882 -2.7461728
13.480127 -2.8279764
13.621846 -2.9116892
13.765055 -2.9973483
13.909769 -3.084991
14.056005 -3.1746554
14.203778 -3.2663806
14.353105 -3.3602058
14.504002 -3.4561715
14.656485 -3.5543185
14.810571 -3.6546885
14.966277 -3.7573238
15.12362 -3.8622677
15.282618 -3.969564
15.443287 -4.0792573
15.605645 -4.1913933
15.76971 -4.306018
15.935499 -4.4231786
16.103032 -4.542923
16.272326 -4.6653
16.4434 -4.7903591
16.616272 -4.9181508
16.790962 -5.0487264
16.967488 -5.1821383
17.145871 -5.3184395
17.326128 -5.4576842
17.508281 -5.5999274
17.692348 -5.7452251
17.878351 -5.8936343
18.066309 -6.045213
18.256244 -6.2000202
18.448175 -6.3581158
18.642124 -6.5195609
18.838112 -6.6844177
19.03616 -6.8527493
19.236291 -7.0246201
19.438525 -7.2000954
19.642886 -7.3792418
19.849395 -7.5621271
20.058075 -7.7488201
20.268949 -7.9393908
20.48204 -8.1339106
20.697372 -8.332452
20.914967 -8.5350887
21.134849 -8.7418959
21.357044 -8.9529498
21.581574 -9.1683281
21.808465 -9.3881099
22.037741 -9.6123755
22.269428 -9.8412066
22.50355 -10.074687
22.740134 -10.3129
22.979205 -10.555932
23.22079 -10.803872
23.464914 -11.056807
23.711605 -11.314829
23.960889 -11.57803
24.212794 -11.846503
24.467348 -12.120344
24.724577 -12.399649
24.984511 -12.684517
25.247177 -12.975049
25.512606 -13.271347
25.780824 -13.573514
26.051862 -13.881656
26.32575 -14.19588
26.602517 -14.516296
26.882194 -14.843014
27.164812 -15.176147
27.4504 -15.515811
27.738991 -15.862122
28.030616 -16.215199
28.325307 -16.575162
28.623096 -16.942136
28.924015 -17.316244
29.228099 -17.697614
29.535379 -18.086375
29.84589 -18.482658
30.159665 -18.886598
30.476738 -19.298331
30.797146 -19.717994
31.120922 -20.145728
31.448101 -20.581677
31.778721 -21.025986
32.112816 -21.478803
32.450424 -21.940278
32.791581 -22.410564
33.136325 -22.889817
33.484693 -23.378195
33.836723 -23.875859
34.192455 -24.382973
34.551926 -24.899702
34.915176 -25.426217
35.282246 -25.962689
35.653174 -26.509294
36.028002 -27.066209
36.406771 -27.633614
36.789522 -28.211695
37.176297 -28.800638
37.567138 -29.400633
37.962088 -30.011874
38.36119 -30.634558
38.764488 -31.268884
39.172026 -31.915056
39.583848 -32.57328
40 -33.243768
