t hx hy rawx rawy govx govy vehx vehy draw dgov dveh elag clear
0 0 0 1.1999638 0.0093214759 1.1999638 0.0093214759 1.1999638 0.0093214759 1.2043673 1.2043673 1.2043673 0 0.73349104
0.04 0.047991112 0 1.2479547 0.0093525187 1.2479558 0.0093525105 1.2479157 0.0093523161 1.2043673 1.2043685 1.2043285 3.8954641e-05 0.73386873
0.08 0.095928905 0 1.2958917 0.009446232 1.295896 0.0094461679 1.2957329 0.0094456257 1.2043673 1.2043716 1.2042092 0.00015879214 0.73419293
0.12 0.14376012 0 1.3437217 0.0096043885 1.3437304 0.0096041834 1.3433557 0.009602764 1.2043673 1.204376 1.2040028 0.00036595791 0.73443067
0.16 0.19143162 0 1.3913914 0.0098300005 1.3914054 0.0098295408 1.390725 0.0098249263 1.2043673 1.2043813 1.2037036 0.0006663415 0.73455858
0.2 0.23889043 0 1.4388477 0.010127408 1.4388675 0.010126558 1.437785 0.010113527 1.2043673 1.2043871 1.2033089 0.0010627526 0.73456619
0.24 0.28608384 0 1.4860379 0.01050241 1.4860638 0.010501013 1.4844843 0.010470992 1.2043673 1.2043931 1.2028199 0.001553964 0.73445441
0.28 0.3329594 0 1.5329093 0.010962433 1.5329413 0.010960315 1.5307754 0.010901493 1.2043673 1.2043991 1.202242 0.0021348215 0.73423207
0.32 0.37946504 0 1.5794098 0.011516766 1.5794476 0.011513729 1.576615 0.011411472 1.2043673 1.204405 1.2015838 0.0027968991 0.73391229
0.36 0.4255491 0 1.6254873 0.012176835 1.6255308 0.012172659 1.6219621 0.012009952 1.2043673 1.2044106 1.2008564 0.0035293201 0.73350992
0.4 0.47116036 0 1.6710904 0.012956567 1.6711393 0.012951003 1.6667783 0.012708743 1.2043673 1.2044159 1.2000725 0.0043195267 0.73303986
0.44 0.51624817 0 1.716168 0.013872832 1.7162218 0.01386559 1.7110263 0.013522653 1.2043673 1.2044209 1.1992461 0.0051539163 0.73251649
0.48 0.56076241 0 1.7606693 0.01494598 1.7607277 0.014936726 1.7546704 0.014469772 1.2043673 1.2044254 1.1983917 0.0060183444 0.7319534
0.52 0.60465365 0 1.8045443 0.016200512 1.8046068 0.016188855 1.7976752 0.015571913 1.2043673 1.2044295 1.1975241 0.0068985332 0.73136341
0.56 0.64787311 0 1.8477431 0.01766589 1.8478094 0.017651366 1.8400059 0.016855205 1.2043673 1.2044332 1.196658 0.0077804339 0.73075845
0.6 0.69037278 0 1.8902163 0.019377534 1.890286 0.019359591 1.8816281 0.018350886 1.2043673 1.2044365 1.1958078 0.0086505827 0.73014943
0.64 0.73210543 0 1.931915 0.021378028 1.9319877 0.021356005 1.9225069 0.020096299 1.2043673 1.2044393 1.1949874 0.0094964768 0.72954582
0.68 0.77302472 0 1.9727903 0.023718595 1.9728656 0.023691698 1.9626073 0.02213612 1.2043673 1.2044419 1.1942099 0.010306993 0.72895522
0.72 0.81308516 0 2.0127934 0.026460887 2.0128711 0.026428156 2.0018935 0.024523859 1.2043673 1.204444 1.1934874 0.011072868 0.72838286
0.76 0.85224226 0 2.0518752 0.029679154 2.051955 0.029639429 2.0403282 0.027323686 1.2043673 1.2044458 1.1928308 0.01178727 0.72783112
0.8 0.89045252 0 2.0899859 0.033462869 2.0900676 0.03341475 2.077873 0.030612644 1.2043673 1.2044474 1.1922497 0.012446511 0.72729907
0.84 0.92767347 0 2.1270742 0.037919896 2.1271577 0.037861688 2.114487 0.034483344 1.2043673 1.2044487 1.1917526 0.013050964 0.7267821
0.88 0.96386377 0 2.1630866 0.043180287 2.163172 0.043109943 2.1501267 0.039047222 1.2043673 1.2044498 1.1913464 0.013606295 0.72627161
0.92 0.99898321 0 2.1979659 0.049400818 2.1980533 0.049315866 2.1847447 0.044438482 1.2043673 1.2044509 1.1910368 0.014125111 0.7257549
0.96 1.0329928 0 2.2316492 0.056770345 2.2317389 0.056667816 2.2182888 0.050818838 1.2043673 1.2044519 1.1908286 0.014629161 0.72521521
1 1.0658547 0 2.2640649 0.065516083 2.2641577 0.06539242 2.2506999 0.058383197 1.2043673 1.2044529 1.1907258 0.015152091 0.72463209
1.04 1.0975324 0 2.295129 0.075910822 2.2952259 0.075761794 2.2819096 0.067366416 1.2043673 1.2044543 1.190732 0.015742585 0.72398235
1.08 1.1279907 0 2.324739 0.08828106 2.3248417 0.088101671 2.3118365 0.078051255 1.2043673 1.2044562 1.1908516 0.016467251 0.72324178
1.12 1.1571959 0 2.3527659 0.10301584 2.3528767 0.10280027 2.340381 0.090777627 1.2043673 1.2044589 1.19109 0.017412013 0.72238825
1.16 1.1851154 0 2.3790423 0.1205759 2.3791647 0.12031746 2.3674177 0.10595314 1.2043673 1.2044629 1.1914559 0.018680364 0.72140686
1.2 1.2117182 0 2.4033461 0.14150222 2.403516 0.14113968 2.3927856 0.12406295 1.2043673 1.2044929 1.1919638 0.02038827 0.72028178
1.24 1.2369748 0 2.4253786 0.16642254 2.4258912 0.16543876 2.4162946 0.14564082 1.2043673 1.2047376 1.1926583 0.022683175 0.71898308
1.28 1.2608571 0 2.4447334 0.1960535 2.4462935 0.1932175 2.43777 0.1711583 1.2043673 1.2054431 1.1936587 0.025855223 0.71775077
1.32 1.2833386 0 2.4608568 0.23119445 2.4646838 0.22445323 2.4570881 0.20092519 1.2043673 1.2068374 1.195183 0.030506662 0.71710351
1.36 1.3043943 0 2.4729963 0.27270747 2.4809821 0.25909798 2.474172 0.23506762 1.2043673 1.2091284 1.1975296 0.037659348 0.71765259
1.4 1.3240008 0 2.4801381 0.32147549 2.4950709 0.29707643 2.4889652 0.27355544 1.2043673 1.2125017 1.2010361 0.048726305 0.71994688
1.44 1.3421363 0 2.4809373 0.37832831 2.5067977 0.33828185 2.5014008 0.31624392 1.2043673 1.2171161 1.2060351 0.065372347 0.72445299
1.48 1.3587807 0 2.4736489 0.44392426 2.5159783 0.38257042 2.5113767 0.36291156 1.2043673 1.2230973 1.2128169 0.089374565 0.73156958
1.52 1.3739154 0 2.4560793 0.51857629 2.5224016 0.42975408 2.5187404 0.4132839 1.2043673 1.2305323 1.2216022 0.12254118 0.74163899
1.56 1.3875238 0 2.4255869 0.60201741 2.5258365 0.47959256 2.5232863 0.46704228 1.2043673 1.2394618 1.2325253 0.16664351 0.75494772
1.6 1.3995906 0 2.3791774 0.69311594 2.5260424 0.5317857 2.5247607 0.52382092 1.2043673 1.2498761 1.2456245 0.22330717 0.77171507
1.64 1.4101024 0 2.313742 0.78957929 2.5227827 0.58596755 2.5228755 0.58319721 1.2043673 1.2617116 1.2608383 0.29384713 0.79207081
1.68 1.4190476 0 2.2264791 0.88772425 2.5158435 0.64170419 2.5173271 0.64468022 1.2043673 1.2748514 1.2780054 0.37905701 0.81602276
1.72 1.4264162 0 2.1154954 0.98243059 2.5050529 0.69849768 2.5078209 0.7077017 1.2043673 1.2891302 1.2968694 0.47898042 0.84341783
1.76 1.4322001 0 1.9805064 1.0674082 2.4903015 0.7557976 2.4941098 0.77161183 1.2043673 1.3043424 1.3170987 0.59271998 0.87382731
1.8 1.4363928 0 1.8234569 1.1358615 2.4715581 0.81302084 2.4760401 0.83568772 1.2043673 1.3202541 1.3383183 0.7183385 0.90621163
1.84 1.4389896 0 1.6488172 1.1815128 2.4488781 0.86957817 2.4535074 0.89915614 1.2043673 1.3366157 1.3600533 0.85282045 0.9317263
1.88 1.4399877 0 1.4633377 1.1997728 2.4223995 0.92490406 2.4265071 0.96121042 1.2043673 1.3531744 1.3817836 0.99230524 0.95322532
1.92 1.439386 0 1.2752042 1.1887154 2.3923282 0.978485 2.3951701 1.0210526 1.2043673 1.3696833 1.4029999 1.1324788 0.97326055
1.96 1.4371851 0 1.0927735 1.1495132 2.3589119 1.0298812 2.359758 1.0779423 1.2043673 1.3859063 1.4232328 1.2690383 0.99098507
2 1.4333875 0 0.92325645 1.0861705 2.3224086 1.078739 2.3206366 1.1312376 1.2043673 1.4016195 1.4420683 1.3981425 1.0057926
2.04 1.4279973 0 0.77174336 1.0046545 2.2830561 1.1247923 2.2782371 1.1804261 1.2043673 1.41661 1.4591569 1.5167515 1.0173759
2.08 1.4210207 0 0.64080739 0.91173858 2.2410479 1.1678557 2.2330102 1.225141 1.2043673 1.4306755 1.4742178 1.6227958 1.0256914
2.12 1.4124653 0 0.53068229 0.81391571 2.1965212 1.2078121 2.1853817 1.2651641 1.2043673 1.4436255 1.4870374 1.7151717 1.0308526
2.16 1.4023406 0 0.43982646 0.71663557 2.1495574 1.2445968 2.135713 1.3004153 1.2043673 1.4552852 1.4974639 1.7936042 1.0330097
2.2 1.3906579 0 0.36562379 0.62394316 2.1001926 1.2781822 2.0842757 1.3309324 1.2043673 1.4654999 1.5054008 1.8584445 1.0322701
2.24 1.3774302 0 0.30502084 0.53845909 2.0484346 1.3085626 2.0312429 1.3568455 1.2043673 1.4741383 1.5108005 1.9104587 1.0286869
2.28 1.3626721 0 0.25499547 0.46157602 1.9942779 1.335742 1.9766965 1.3783496 1.2043673 1.4810919 1.5136592 1.9506459 1.0223037
2.32 1.3464001 0 0.21283801 0.39374728 1.9377158 1.3597255 1.9206456 1.3956798 1.2043673 1.4862733 1.5140124 1.9801024 1.0132129
2.36 1.3286323 0 0.17627699 0.33477947 1.878747 1.380514 1.8630501 1.4090901 1.2043673 1.4896126 1.5119298 1.9999285 1.0015925
2.4 1.3093883 0 0.14349901 0.28408128 1.8173788 1.398102 1.803843 1.418837 1.2043673 1.4910548 1.5075101 2.0111721 0.98770596
2.44 1.2886896 0 0.11310882 0.2408524 1.7536273 1.4124776 1.7429472 1.4251683 1.2043673 1.4905572 1.5008741 2.0147966 0.97187434
2.48 1.2665591 0 0.084063283 0.20421464 1.6875166 1.423623 1.6802862 1.4283146 1.2043673 1.4880889 1.4921586 2.0116649 0.95443746
2.52 1.2430215 0 0.055600518 0.17329581 1.6190776 1.431516 1.6157881 1.4284843 1.2043673 1.4836297 1.4815089 2.0025338 0.93571969
2.56 1.2181029 0 0.027175047 0.14727847 1.5483466 1.4361308 1.5493865 1.4258595 1.2043673 1.4771707 1.4690727 1.9880534 0.91600743
2.6 1.1918309 0 -0.0015963837 0.12542449 1.4753647 1.437439 1.481018 1.4205933 1.2043673 1.4687148 1.4549954 1.9687706 0.89553919
2.64 1.1642348 0 -0.030977716 0.10708403 1.4001769 1.4354106 1.4106215 1.4128073 1.2043673 1.4582774 1.4394164 1.9451357 0.87450515
2.68 1.1353453 0 -0.061146279 0.091695109 1.3228315 1.4300141 1.3381365 1.4025902 1.2043673 1.445888 1.422467 1.9175096 0.85305259
2.72 1.1051943 0 -0.092217071 0.078777865 1.2433806 1.4212191 1.2635041 1.3899971 1.2043673 1.4315935 1.4042706 1.8861726 0.83128337
2.76 1.0738155 0 -0.12426046 0.067926335 1.1619031 1.409256 1.186677 1.3750631 1.2043673 1.4157212 1.384963 1.8513505 0.80763357
2.8 1.0412437 0 -0.1573149 0.058799367 1.0784987 1.3947479 1.1076318 1.3578927 1.2043673 1.399011 1.3647805 1.8132934 0.77964493
2.84 1.007515 0 -0.191396 0.051111655 0.99323132 1.3781663 1.0263656 1.3387776 1.2043673 1.3820662 1.3441715 1.7723696 0.74889428
2.88 0.97266698 0 -0.22650297 0.044625399 0.90614137 1.3598055 0.94287567 1.3181751 1.2043673 1.3653281 1.3237767 1.7290503 0.71876003
2.92 0.93673832 0 -0.26262311 0.039142861 0.8172622 1.3398177 0.8571378 1.2965858 1.2043673 1.3491115 1.3043045 1.6838185 0.6919293
2.96 0.89976893 0 -0.29973504 0.034499849 0.72663278 1.3182424 0.76910974 1.2744262 1.2043673 1.3336325 1.286405 1.6370849 0.66957889
3 0.86179989 0 -0.33781092 0.030560144 0.63430793 1.2950308 0.67875216 1.251941 1.2043673 1.3190307 1.2705796 1.5891384 0.65187892
3.04 0.82287338 0 -0.37681807 0.027210763 0.54036686 1.2700663 0.58605797 1.2291694 1.2043673 1.305388 1.2571403 1.5401359 0.63872416
3.08 0.78303266 0 -0.4167201 0.024357996 0.44492652 1.2431849 0.49107311 1.2059567 1.2043673 1.292742 1.2462101 1.4901169 0.6300198
3.12 0.74232198 0 -0.45747773 0.021924083 0.34913497 1.2145066 0.39395588 1.1820102 1.2043673 1.2810913 1.2377743 1.4390748 0.62565492
3.16 0.70078657 0 -0.49904934 0.019844471 0.25383734 1.1842246 0.29502617 1.1569764 1.2043673 1.2704144 1.231683 1.3870295 0.62470226
3.2 0.65847258 0 -0.54139143 0.018065532 0.15906764 1.1523303 0.19475833 1.1305326 1.2043673 1.2606791 1.2276911 1.3340775 0.62608378
3.24 0.61542703 0 -0.58445894 0.01654269 0.064866926 1.1187939 0.093702355 1.1024381 1.2043673 1.2518413 1.2255381 1.280381 0.62921096
3.28 0.57169773 0 -0.62820551 0.015238873 -0.028715021 1.0835685 -0.0076184957 1.0725197 1.2043673 1.2438492 1.2249661 1.2260969 0.63389216
3.32 0.52733327 0 -0.67258362 0.014123242 -0.12161907 1.0465924 -0.10875488 1.0406359 1.2043673 1.2366468 1.2257179 1.1713273 0.64011591
3.36 0.48238294 0 -0.71754479 0.01317015 -0.21377588 1.0077911 -0.20933236 1.0066482 1.2043673 1.230176 1.2275317 1.1161014 0.64787275
3.4 0.43689667 0 -0.76303969 0.012358284 -0.30510478 0.96707844 -0.3090298 0.97040789 1.2043673 1.2243786 1.2301396 1.0603811 0.6570622
3.44 0.39092501 0 -0.80901824 0.011669969 -0.39551226 0.92435739 -0.40755486 0.93175602 1.2043673 1.2191977 1.2332723 1.0040757 0.66747459
3.48 0.34451903 0 -0.85542971 0.011090593 -0.48489014 0.87952058 -0.50462645 0.89052926 1.2043673 1.2145786 1.2366654 0.94705713 0.67882113
3.52 0.29773029 0 -0.90222282 0.010608144 -0.57311319 0.83245107 -0.59996622 0.84656703 1.2043673 1.2104692 1.2400691 0.88917141 0.69078429
3.56 0.25061077 0 -0.94934577 0.010212836 -0.6599001 0.78317859 -0.69329562 0.79972274 1.2043673 1.2068193 1.2432613 0.83025176 0.70305406
3.6 0.20321281 0 -0.99674638 0.0098968024 -0.7446016 0.73223393 -0.78428354 0.74992722 1.2043673 1.2035784 1.2460486 0.77019578 0.71504944
3.64 0.15558909 0 -1.0443721 0.0096538594 -0.82656954 0.68040488 -0.87243439 0.69734018 1.2043673 1.2006994 1.2482351 0.70913404 0.72565487
3.68 0.1077925 0 -1.0921701 0.0094793191 -0.90532117 0.62856685 -0.95707876 0.64247683 1.2043673 1.1981408 1.2496147 0.64753762 0.73355751
3.72 0.059876154 0 -1.1400873 0.0093698502 -0.98059758 0.57755144 -1.0374762 0.58621792 1.2043673 1.1958667 1.2499712 0.58619014 0.73777501
3.76 0.011893286 0 -1.1880705 0.009323379 -1.0523496 0.52806948 -1.1129749 0.52970873 1.2043673 1.1938471 1.2491024 0.52605925 0.73802222
3.8 -0.036102796 0 -1.2360665 0.0093390291 -1.1207444 0.48071906 -1.183158 0.47419177 1.2043673 1.1921236 1.246858 0.46813125 0.73428253
3.84 -0.084058767 0 -1.2840218 0.0094170953 -1.1861254 0.4359877 -1.2479389 0.42084714 1.2043673 1.190821 1.2431948 0.41328219 0.72700048
3.88 -0.13192135 0 -1.3318833 0.0095590527 -1.2488127 0.39420747 -1.3075737 0.37068648 1.2043673 1.1899796 1.2382106 0.3622208 0.71809314
3.92 -0.17963736 0 -1.3795976 0.0097675995 -1.3090993 0.35555814 -1.362571 0.32449993 1.2043673 1.1895778 1.2321106 0.31548425 0.70948853
3.96 -0.2271538 0 -1.4271117 0.010046736 -1.3672728 0.3200623 -1.4135806 0.28283026 1.2043673 1.1895747 1.2251557 0.27344286 0.70221057
4 -0.27441787 0 -1.4743728 0.010401886 -1.4235732 0.28766566 -1.4612999 0.24596457 1.2043673 1.1899079 1.2176205 0.23630188 0.69639434
4.04 -0.32137705 0 -1.5213281 0.010840054 -1.4781957 0.25826498 -1.5063991 0.21395681 1.2043673 1.1905067 1.2097641 0.20411865 0.69165356
4.08 -0.36797919 0 -1.5679253 0.011370042 -1.5312974 0.23172474 -1.5494749 0.18667594 1.2043673 1.1913011 1.2018148 0.17683355 0.68749274
4.12 -0.41417249 0 -1.6141125 0.012002717 -1.5830038 0.20788998 -1.5910306 0.16386244 1.2043673 1.1922279 1.1939673 0.15429858 0.68354171
4.16 -0.45990565 0 -1.6598379 0.01275135 -1.6334135 0.18659629 -1.6314772 0.145179 1.2043673 1.1932327 1.186389 0.13628795 0.67961738
4.2 -0.50512785 0 -1.7050504 0.013632034 -1.6826024 0.16767747 -1.6711449 0.13024846 1.2043673 1.1942711 1.1792274 0.12248426 0.67569651
4.24 -0.54978884 0 -1.7496992 0.014664199 -1.7306274 0.1509713 -1.7102972 0.11867887 1.2043673 1.1953083 1.1726166 0.11245149 0.67186356
4.28 -0.59383902 0 -1.7937341 0.01587125 -1.7775294 0.13632409 -1.749142 0.11007889 1.2043673 1.1963185 1.1666798 0.10562287 0.66826227
4.32 -0.63722944 0 -1.837105 0.017281334 -1.8233357 0.12359403 -1.7878404 0.10406733 1.2043673 1.197283 1.161528 0.10132975 0.66505884
4.36 -0.67991189 0 -1.8797626 0.01892829 -1.8680622 0.11265402 -1.8265111 0.10027972 1.2043673 1.1981896 1.1572567 0.098870378 0.66241674
4.4 -0.72183895 0 -1.9216578 0.020852802 -1.9117155 0.10339379 -1.8652331 0.098374008 1.2043673 1.199031 1.1539416 0.097587191 0.66048074
4.44 -0.76296404 0 -1.9627416 0.023103798 -1.9542936 0.095721959 -1.9040481 0.098035933 1.2043673 1.199804 1.1516348 0.096920338 0.65936752
4.48 -0.80324148 0 -2.0029654 0.025740161 -1.9957876 0.089567823 -1.9429616 0.098984555 1.2043673 1.2005082 1.1503621 0.096426865 0.65916044
4.52 -0.8426265 0 -2.0422801 0.028832792 -2.0361824 0.084883361 -1.9819454 0.10097765 1.2043673 1.2011452 1.1501224 0.095774326 0.65990686
4.56 -0.88107536 0 -2.0806361 0.03246712 -2.075457 0.08164539 -2.0209404 0.10381686 1.2043673 1.2017184 1.1508882 0.094722526 0.66161732
4.6 -0.91854534 0 -2.1179826 0.036746125 -2.1135851 0.079858119 -2.0598597 0.10735251 1.2043673 1.202232 1.1526082 0.093103131 0.66426608
4.64 -0.95499481 0 -2.1542668 0.041793969 -2.1505344 0.079556224 -2.0985921 0.11148794 1.2043673 1.2026907 1.1552105 0.090801776 0.667793
4.68 -0.99038327 0 -2.1894325 0.04776034 -2.1862665 0.080808571 -2.1370049 0.11618376 1.2043673 1.2030997 1.158606 0.087743877 0.67210647
4.72 -1.0246714 0 -2.2234183 0.054825597 -2.220735 0.083722725 -2.1749477 0.12146188 1.2043673 1.203464 1.162693 0.083883846 0.67708746
4.76 -1.0578211 0 -2.2561553 0.063206813 -2.2538839 0.088450341 -2.2122538 0.12740993 1.2043673 1.2037888 1.1673605 0.079196952 0.68259434
4.8 -1.0897956 0 -2.2875631 0.073164764 -2.2856436 0.095193522 -2.2487422 0.13418603 1.2043673 1.2040787 1.1724923 0.073673205 0.68846864
4.84 -1.1205593 0 -2.3175442 0.085011837 -2.3159266 0.10421213 -2.2842176 0.14202437 1.2043673 1.2043384 1.1779702 0.067312961 0.69454192
4.88 -1.150078 0 -2.3459773 0.09912073 -2.3446197 0.11583191 -2.3184685 0.15124171 1.2043673 1.2045721 1.1836772 0.060124602 0.700644
4.92 -1.178319 0 -2.3727057 0.11593357 -2.371574 0.13045311 -2.3512636 0.16224492 1.2043673 1.2047839 1.1895001 0.052125913 0.70661326
4.96 -1.2052509 0 -2.3975227 0.13597074 -2.3966328 0.14848025 -2.3823459 0.17553672 1.2043673 1.2050103 1.1953348 0.043353361 0.71230725
5 -1.2308438 0 -2.420151 0.15983806 -2.4197784 0.17002013 -2.4114458 0.19167878 1.2043673 1.2054338 1.2011107 0.033861778 0.71766495
5.04 -1.2550691 0 -2.4402144 0.18823032 -2.4410083 0.19507144 -2.4383236 0.21118145 1.2043673 1.2062711 1.2068265 0.023769073 0.72283788
5.08 -1.2779001 0 -2.4571999 0.22192759 -2.4602828 0.22361213 -2.4627987 0.23441675 1.2043673 1.2077271 1.2125687 0.014327379 0.72817042
5.12 -1.2993113 0 -2.4704097 0.2617793 -2.4775253 0.25559791 -2.4847429 0.26160018 1.2043673 1.209992 1.2184984 0.014581211 0.73408975
5.16 -1.3192789 0 -2.4789012 0.30866866 -2.4926232 0.29095956 -2.5040556 0.29281358 1.2043673 1.2132377 1.2248229 0.029760012 0.74097765
5.2 -1.3377809 0 -2.4814179 0.36344774 -2.5054297 0.32959888 -2.5206358 0.32803885 1.2043673 1.2176127 1.2317654 0.052837776 0.7491478
5.24 -1.3547965 0 -2.4763201 0.42683124 -2.5157664 0.37138301 -2.5343589 0.36718694 1.2043673 1.2232368 1.2395388 0.083230458 0.7588669
5.28 -1.370307 0 -2.4615275 0.49923724 -2.5234267 0.4161374 -2.5450632 0.41011454 1.2043673 1.2301943 1.2483259 0.12217019 0.77037615
5.32 -1.384295 0 -2.4345052 0.5805674 -2.528182 0.4636378 -2.5525456 0.45662779 1.2043673 1.2385278 1.2582666 0.17118096 0.78390292
5.36 -1.3967451 0 -2.3923306 0.66993247 -2.5297906 0.51360228 -2.5565651 0.50647634 1.2043673 1.2482325 1.269448 0.2317392 0.7996589
5.4 -1.4076434 0 -2.3318914 0.76535322 -2.5280106 0.56568445 -2.5568532 0.55934224 1.2043673 1.2592531 1.2818974 0.30506331 0.81782448
5.44 -1.4169777 0 -2.2502602 0.86350469 -2.5226172 0.61947001 -2.5531292 0.61482758 1.2043673 1.2714834 1.2955763 0.39190214 0.83852041
5.48 -1.4247378 0 -2.1452548 0.95961203 -2.5134218 0.67447872 -2.5451206 0.67244453 1.2043673 1.2847702 1.3103768 0.49231681 0.86176891
5.52 -1.430915 0 -2.0161274 1.047629 -2.5002925 0.73017365 -2.5325908 0.73160988 1.2043673 1.2989204 1.3261249 0.60549145 0.88690464
5.56 -1.4355025 0 -1.8642259 1.1208016 -2.483172 0.78597879 -2.5153974 0.79164428 1.2043673 1.3137119 1.3426132 0.72964604 0.9026311
5.6 -1.4384951 0 -1.693394 1.1726153 -2.4620879 0.84130404 -2.4934515 0.85180295 1.2043673 1.3289063 1.359546 0.86198754 0.91892153
5.64 -1.4398895 0 -1.5098738 1.1979575 -2.4371525 0.89557466 -2.4667425 0.91129051 1.2043673 1.3442609 1.3765551 0.99889 0.93515857
5.68 -1.4396842 0 -1.3216023 1.1941761 -2.4085512 0.94826057 -2.43539 0.96929329 1.2043673 1.3595383 1.3932581 1.1362647 0.9505369
5.72 -1.4378794 0 -1.1370218 1.1616733 -2.3765186 0.99890047 -2.3996492 1.0250285 1.2043673 1.3745114 1.4092863 1.27 0.96427442
5.76 -1.434477 0 -0.96373689 1.1038133 -2.3413084 1.0471169 -2.3598888 1.0777904 1.2043673 1.3889658 1.4242996 1.3963945 0.97577183
5.8 -1.429481 0 -0.80742449 1.0261801 -2.3031614 1.092621 -2.3165561 1.1269874 1.2043673 1.4026976 1.4379964 1.5124956 0.98469456
5.84 -1.4228968 0 -0.67128498 0.93545692 -2.2622799 1.1352075 -2.2701328 1.1721658 1.2043673 1.4155127 1.4501199 1.6162775 0.99096026
5.88 -1.4147318 0 -0.55608991 0.83829241 -2.2188117 1.1747437 -2.2210888 1.2130192 1.2043673 1.4272271 1.4604605 1.7066508 0.99464758
5.92 -1.4049949 0 -0.46067353 0.74044384 -2.1728477 1.2111541 -2.1698401 1.2493842 1.2043673 1.4376704 1.468854 1.7833387 0.99587602
5.96 -1.3936972 0 -0.38262158 0.64631741 -2.1244308 1.2444049 -2.1167176 1.2812233 1.2043673 1.4466906 1.4751784 1.8466823 0.99471623
6 -1.380851 0 -0.3189379 0.55887446 -2.0735715 1.274488 -2.0619533 1.3086003 1.2043673 1.4541577 1.4793505 1.8974328 0.99116685
6.04 -1.3664706 0 -0.26655941 0.47978674 -2.0202638 1.3014079 -2.0056828 1.3316538 1.2043673 1.4599645 1.4813235 1.9365714 0.98519302
6.08 -1.3505721 0 -0.22268208 0.40971213 -1.9644987 1.3251718 -1.947961 1.3505707 1.2043673 1.4640251 1.4810854 1.9651734 0.97679045
6.12 -1.3331731 0 -0.18492076 0.34859213 -1.9062714 1.3457832 -1.8887847 1.3655639 1.2043673 1.4662718 1.4786566 1.9843167 0.96603494
6.16 -1.314293 0 -0.15135064 0.29591402 -1.8455858 1.3632393 -1.8281156 1.3768556 1.2043673 1.466652 1.474087 1.9950259 0.95309623
6.2 -1.2939526 0 -0.12047845 0.25091496 -1.7824545 1.3775301 -1.7658984 1.3846643 1.2043673 1.4651261 1.4674511 1.9982415 0.93821897
6.24 -1.2721747 0 -0.091180468 0.21272662 -1.7168986 1.3886395 -1.7020728 1.3891971 1.2043673 1.4616658 1.4588425 1.9948057 0.92168682
6.28 -1.2489834 0 -0.06263152 0.18046963 -1.6489464 1.3965462 -1.6365787 1.3906439 1.2043673 1.4562543 1.448368 1.9854565 0.90378607
6.32 -1.2244044 0 -0.034238 0.15330991 -1.5786322 1.4012249 -1.5693576 1.3891736 1.2043673 1.448886 1.4361418 1.9708284 0.88477897
6.36 -1.1984651 0 -0.0055808855 0.13048835 -1.5059949 1.4026473 -1.500351 1.3849313 1.2043673 1.4395673 1.4222807 1.9514556 0.8648894
6.4 -1.1711943 0 0.023629913 0.11133303 -1.431078 1.4007829 -1.4294989 1.3780364 1.2043673 1.4283174 1.4069011 1.9277782 0.84429913
6.44 -1.1426223 0 0.053590628 0.09526055 -1.353929 1.3956047 -1.3567383 1.3685804 1.2043673 1.4151748 1.3901168 1.9001493 0.82312522
6.48 -1.1127809 0 0.084429827 0.081771421 -1.2746409 1.387373 -1.2820134 1.3566436 1.2043673 1.4004866 1.3720622 1.8688623 0.79960508
6.52 -1.0817031 0 0.11622758 0.070442198 -1.1933417 1.3766992 -1.2052903 1.3423854 1.2043673 1.3849701 1.3529809 1.8342335 0.7715272
6.56 -1.0494235 0 0.14902929 0.060916525 -1.1101145 1.3640402 -1.1265602 1.3261542 1.2043673 1.3691991 1.3333306 1.796692 0.74071586
6.6 -1.0159781 0 0.18285553 0.052896063 -1.0250099 1.3496869 -1.0458154 1.3084585 1.2043673 1.3535946 1.3137541 1.756759 0.71058466
6.64 -0.98140384 0 0.2177091 0.046131974 -0.9380629 1.3337967 -0.96302379 1.2898451 1.2043673 1.3384572 1.2949561 1.7149557 0.68375562
6.68 -0.94573926 0 0.2535799 0.040417235 -0.84930595 1.3164202 -0.87812603 1.2707748 1.2043673 1.323994 1.2775808 1.6717205 0.66132587
6.72 -0.90902396 0 0.29044846 0.035579898 -0.75877925 1.2975231 -0.79105177 1.2515378 1.2043673 1.3103398 1.2621265 1.62736 0.64338625
6.76 -0.87129872 0 0.32828836 0.031477284 -0.66653948 1.277005 -0.70174304 1.2322188 1.2043673 1.2975741 1.2489069 1.5820384 0.62974239
6.8 -0.83260547 0 0.36706803 0.027991053 -0.57266678 1.2547152 -0.61017881 1.2127074 1.2043673 1.2857348 1.2380552 1.5357943 0.62024696
6.84 -0.79298718 0 0.40675189 0.025023049 -0.4772709 1.2304668 -0.51639156 1.1927355 1.2043673 1.2748287 1.2295526 1.4885726 0.61476727
6.88 -0.75248788 0 0.44730132 0.022491838 -0.38090172 1.2041719 -0.42048989 1.1719308 1.2043673 1.264837 1.2232784 1.4402715 0.61311353
6.92 -0.71115256 0 0.48867522 0.020329824 -0.28493155 1.1760992 -0.32274098 1.1498957 1.2043673 1.2557207 1.2190623 1.3908442 0.61459694
6.96 -0.66902714 0 0.53083054 0.018480861 -0.18949379 1.1462678 -0.22354408 1.1262505 1.2043673 1.2474396 1.2166275 1.3402979 0.61791001
7 -0.62615843 0 0.57372259 0.016898285 -0.094631493 1.1146548 -0.12341356 1.1007151 1.2043673 1.239947 1.2157001 1.2887428 0.6223142
7.04 -0.58259404 0 0.61730529 0.015543295 -0.00039514557 1.0812224 -0.022866175 1.073103 1.2043673 1.2331913 1.216034 1.2363208 0.62761938
7.08 -0.5383824 0 0.6615314 0.014383611 0.093156559 1.0459192 0.07764534 1.0432806 1.2043673 1.2271193 1.2174038 1.1831413 0.63391008
7.12 -0.4935726 0 0.70635266 0.013392386 0.18595568 1.0086818 0.17774512 1.0111294 1.2043673 1.2216771 1.2195926 1.1292501 0.64130979
7.16 -0.44821445 0 0.75171996 0.012547305 0.27792376 0.9694356 0.2771164 0.97652456 1.2043673 1.216812 1.2223837 1.0746279 0.64985266
7.2 -0.40235832 0 0.79758337 0.011829848 0.36897029 0.92809482 0.37547571 0.93933022 1.2043673 1.212473 1.2255601 1.0192024 0.65944927
7.24 -0.35605517 0 0.84389234 0.011224692 0.45899086 0.88456326 0.47255224 0.89940368 1.2043673 1.2086117 1.2289079 0.96286413 0.6699116
7.28 -0.30935644 0 0.89059569 0.01071922 0.54786495 0.83873448 0.56807635 0.85660264 1.2043673 1.2051826 1.2322237 0.90547929 0.68100345
7.32 -0.26231401 0 0.93764176 0.010303123 0.63537869 0.79057536 0.6617758 0.81079393 1.2043673 1.2021425 1.2353241 0.84689989 0.69248974
7.36 -0.21498014 0 0.98497845 0.0099680846 0.7209441 0.74051786 0.75334242 0.7618999 1.2043673 1.1994476 1.2380544 0.78701945 0.70395802
7.4 -0.16740744 0 1.0325533 0.0097075233 0.80389846 0.68930895 0.8423216 0.71003306 1.2043673 1.1970566 1.2402587 0.7259285 0.71446373
7.44 -0.11964874 0 1.0803135 0.0095163953 0.88371506 0.63781998 0.92807477 0.65563809 1.2043673 1.194933 1.2417664 0.66404577 0.72274833
7.48 -0.071757112 0 1.1282061 0.0093910438 0.96008015 0.58691094 1.0098597 0.59953047 1.2043673 1.1930455 1.242389 0.60212029 0.72774276
7.52 -0.023785761 0 1.176178 0.0093290904 1.032897 0.53733498 1.0869812 0.5428215 1.2043673 1.1913681 1.2419359 0.54112316 0.72899818
7.56 0.024212017 0 1.2241758 0.0093293659 1.1022728 0.48972109 1.1589452 0.48676311 1.2043673 1.1899161 1.2402491 0.48208449 0.72653872
7.6 0.072182894 0 1.2721461 0.0093918754 1.1685295 0.44459779 1.2255682 0.43258051 1.2043673 1.1888168 1.2372537 0.42594785 0.72050261
7.64 0.12007358 0 1.3200358 0.0095177989 1.2319986 0.40233675 1.2870157 0.38135061 1.2043673 1.1881354 1.2330066 0.37349161 0.71251638
7.68 0.16783085 0 1.3677916 0.0097095255 1.2929831 0.36315211 1.3437334 0.33393448 1.2043673 1.1878672 1.2276785 0.3253113 0.70456209
7.72 0.21540167 0 1.4153602 0.0099707239 1.3517816 0.32709361 1.3963367 0.29094436 1.2043673 1.1879823 1.2215057 0.28182212 0.69784866
7.76 0.26273318 0 1.4626889 0.010306451 1.4086452 0.29412594 1.4455097 0.25273152 1.2043673 1.1884256 1.2147458 0.24326183 0.69266469
7.8 0.30977278 0 1.5097249 0.010723302 1.4637786 0.26415961 1.4919247 0.21940449 1.2043673 1.1891301 1.2076461 0.20970756 0.68867836
7.84 0.35646823 0 1.5564157 0.011229611 1.5173476 0.23706867 1.5361872 0.1908743 1.2043673 1.1900276 1.200425 0.18110748 0.68536882
7.88 0.40276764 0 1.6027093 0.011835706 1.5694849 0.21270453 1.5788114 0.16691077 1.2043673 1.191055 1.1932677 0.15731377 0.68230724
7.92 0.44861956 0 1.6485539 0.012554224 1.6202954 0.19090661 1.6202173 0.147195 1.2043673 1.1921577 1.1863313 0.13810134 0.67925104
7.96 0.49397307 0 1.6938982 0.013400517 1.6698605 0.17151053 1.660742 0.13136 1.2043673 1.1932905 1.1797529 0.12316354 0.6761301
8 0.53877777 0 1.7386915 0.014393133 1.7182419 0.15435439 1.7006532 0.11901808 1.2043673 1.194418 1.1736572 0.11209043 0.67299722
8.04 0.58298389 0 1.7828831 0.015554426 1.7654845 0.13928356 1.7401624 0.10977792 1.2043673 1.1955136 1.1681597 0.10435209 0.66997799
8.08 0.6265423 0 1.8264231 0.016911287 1.8116194 0.12615439 1.7794341 0.10325495 1.2043673 1.1965583 1.1633666 0.09931456 0.66723118
8.12 0.66940462 0 1.8692621 0.018496047 1.8566657 0.11483706 1.8185914 0.099078613 1.2043673 1.1975396 1.1593717 0.096296166 0.66492065
8.16 0.71152323 0 1.9113507 0.020347572 1.9006323 0.10521802 1.8577189 0.096898189 1.2043673 1.1984499 1.1562522 0.094641219 0.66319689
8.2 0.75285132 0 1.9526401 0.022512603 1.9435199 0.097201912 1.8968647 0.096388494 1.2043673 1.1992859 1.154064 0.093778212 0.66218571
8.24 0.793343 0 1.9930816 0.025047377 1.9853217 0.090713547 1.9360421 0.097255576 1.2043673 1.2000475 1.152839 0.093245978 0.6619817
8.28 0.83295326 0 2.0326261 0.028019603 2.0260244 0.085699788 1.9752314 0.099242378 1.2043673 1.2007364 1.1525833 0.092692266 0.66264482
8.32 0.87163811 0 2.0712243 0.03151085 2.0656089 0.082131683 2.0143824 0.10213415 1.2043673 1.2013563 1.1532779 0.091857684 0.66419902
8.36 0.90935455 0 2.1088258 0.035619435 2.1040505 0.080006924 2.0534177 0.10576351 1.2043673 1.2019117 1.15488 0.090555774 0.66663246
8.4 0.9460607 0 2.1453783 0.040463897 2.1413188 0.079352784 2.0922355 0.11001505 1.2043673 1.2024077 1.1573262 0.088654923 0.6698991
8.44 0.98171577 0 2.1808266 0.046187152 2.1773774 0.080229675 2.130713 0.11482968 1.2043673 1.2028496 1.160536 0.086063944 0.67392142
8.48 1.0162801 0 2.2151109 0.052961432 2.2121823 0.08273546 2.1687094 0.12020882 1.2043673 1.2032431 1.1644157 0.082721244 0.6785942
8.52 1.0497154 0 2.2481643 0.0609941 2.2456803 0.087010624 2.2060679 0.12621878 1.2043673 1.2035935 1.1688621 0.078586863 0.6837891
8.56 1.0819845 0 2.2799097 0.070534399 2.277806 0.093244396 2.2426176 0.13299551 1.2043673 1.2039059 1.1737663 0.073636688 0.68936004
8.6 1.1130514 0 2.3102546 0.081881144 2.308477 0.10168183 2.2781735 0.14075001 1.2043673 1.2041852 1.1790168 0.067858475 0.6951496
8.64 1.1428817 0 2.3390843 0.095391248 2.3375875 0.11263175 2.3125352 0.14977468 1.2043673 1.2044359 1.1845027 0.061249936 0.7009967
8.68 1.1714423 0 2.366252 0.11148879 2.3649987 0.12647534 2.3454838 0.16045061 1.2043673 1.2046624 1.1901165 0.053820347 0.706746
8.72 1.1987014 0 2.3915653 0.13067398 2.390543 0.14364268 2.3767753 0.17325512 1.2043673 1.2048821 1.1957572 0.045599894 0.71225766
8.76 1.2246287 0 2.4147666 0.15353097 2.4141691 0.16431739 2.4061461 0.18874247 1.2043673 1.2052437 1.2013488 0.036648181 0.71743864
8.8 1.2491955 0 2.4355073 0.1807325 2.4358828 0.18850529 2.4333511 0.20744601 1.2043673 1.2059656 1.2068756 0.027065992 0.72238646
8.84 1.2723744 0 2.4533124 0.2130384 2.4556538 0.21618969 2.4582002 0.22977633 1.2043673 1.2072562 1.2124077 0.017572791 0.72741102
8.88 1.2941397 0 2.467535 0.25128333 2.4734147 0.24733207 2.4805592 0.25598738 1.2043673 1.2093098 1.2180945 0.013862655 0.73293775
8.92 1.3144671 0 2.4772993 0.29634684 2.4890617 0.28186974 2.5003281 0.28619238 1.2043673 1.2123033 1.2241381 0.025180317 0.73936913
8.96 1.3333342 0 2.4814333 0.34909682 2.5024565 0.3197122 2.5174124 0.32039661 1.2043673 1.2163915 1.2307631 0.046069965 0.74703567
9 1.35072 0 2.4783983 0.4102946 2.5134282 0.36073579 2.5316983 0.35852853 1.2043673 1.2217022 1.2381883 0.074369194 0.75621382
9.04 1.3666051 0 2.4662268 0.48044986 2.5217769 0.40477703 2.5430369 0.40045985 1.2043673 1.2283291 1.2466061 0.11097495 0.76714892
9.08 1.3809718 0 2.4424943 0.55961595 2.5272787 0.45162478 2.5512372 0.44601219 1.2043673 1.2363255 1.256168 0.15733835 0.78007006
9.12 1.3938043 0 2.4043617 0.64712735 2.5296941 0.5010121 2.5560681 0.49495313 1.2043673 1.245699 1.2669739 0.21494885 0.79519195
9.16 1.4050883 0 2.3487362 0.74130195 2.52878 0.55260906 2.5572673 0.54698596 1.2043673 1.2564069 1.2790652 0.2850973 0.81270286
9.2 1.4148112 0 2.2725993 0.839166 2.5243054 0.60601829 2.5545553 0.60173717 1.2043673 1.2683554 1.2924184 0.36866229 0.83273969
9.24 1.4229623 0 2.1735231 0.93630042 2.516071 0.66077534 2.5476548 0.65874554 1.2043673 1.2814025 1.3069408 0.46588968 0.85535145
9.28 1.4295324 0 2.0503379 1.0269374 2.5039291 0.71635601 2.5363141 0.71745567 1.2043673 1.2953639 1.3224704 0.57618879 0.88045015
9.32 1.4345143 0 1.9038207 1.1044236 2.4878025 0.77219191 2.5203635 0.77721392 1.2043673 1.3100236 1.3388058 0.69801831 0.89804999
9.36 1.4379024 0 1.7371833 1.1620804 2.4676973 0.82769383 2.4997025 0.83729279 1.2043673 1.325146 1.3556762 0.82882705 0.91421183
9.4 1.439693 0 1.5561156 1.1943391 2.4437056 0.88228039 2.4742914 0.89691094 1.2043673 1.3404886 1.3727233 0.96516008 0.93051759
9.44 1.4398841 0 1.3682312 1.1978589 2.4159964 0.93540795 2.4442122 0.95525766 1.2043673 1.3558117 1.3895637 1.102999 0.94618749
9.48 1.4384755 0 1.1819732 1.1722656 2.3847947 0.98659638 2.409684 1.0115402 1.2043673 1.3708856 1.4058224 1.2381906 0.96041536
9.52 1.4354688 0 1.0052716 1.1202368 2.3503525 1.0354466 2.3710462 1.0650317 1.2043673 1.3854927 1.4211505 1.3668914 0.97254361
9.56 1.4308672 0 0.84435608 1.0469024 2.3129167 1.081648 2.3287261 1.1151106 1.2043673 1.3994266 1.4352352 1.4859367 0.98216716
9.6 1.4246759 0 0.70305786 0.95878436 2.2727009 1.1249754 2.283197 1.1612882 1.2043673 1.4124908 1.447808 1.5930623 0.98914466
9.64 1.4169018 0 0.58271781 0.86263384 2.2298671 1.1652793 2.234932 1.2032216 1.2043673 1.4244986 1.4586471 1.6869538 0.99352348
9.68 1.4075534 0 0.48258938 0.76448773 2.18452 1.2024718 2.1843596 1.2407125 1.2043673 1.4352759 1.4675772 1.7671496 0.99542131
9.72 1.3966413 0 0.40050171 0.66910826 2.1367131 1.2365101 2.1318304 1.2736933 1.2043673 1.4446657 1.4744656 1.833858 0.99492438
9.76 1.3841775 0 0.33354769 0.57980767 2.0864631 1.267381 2.077598 1.3022039 1.2043673 1.4525321 1.4792193 1.8877478 0.99204654
9.8 1.3701759 0 0.27864319 0.49855424 2.033767 1.2950872 2.0218179 1.3263649 1.2043673 1.4587627 1.4817818 1.9297581 0.98675478
9.84 1.354652 0 0.23289939 0.4262289 1.9786154 1.3196357 1.9645607 1.3463517 1.2043673 1.4632663 1.4821319 1.9609516 0.97903069
9.88 1.3376231 0 0.19381976 0.36292424 1.9210021 1.3410314 1.9058337 1.3623701 1.2043673 1.4659711 1.4802812 1.9824117 0.9689263
9.92 1.319108 0 0.15936614 0.30821868 1.8609286 1.3592732 1.845604 1.3746389 1.2043673 1.466821 1.4762717 1.9951796 0.95658724
9.96 1.2991274 0 0.1279433 0.26139569 1.7984054 1.3743529 1.7838186 1.3833761 1.2043673 1.4657732 1.4701712 2.000218 0.94224077
10 1.2777035 0 0.098342534 0.22160252 1.7334516 1.3862558 1.7204175 1.3887895 1.2043673 1.4627968 1.462068 1.9983936 0.92616248
10.04 1.2548601 0 0.069671233 0.18795602 1.6660938 1.3949617 1.6553408 1.3910711 1.2043673 1.4578721 1.4520652 1.9904698 0.908639
10.08 1.2306224 0 0.041284157 0.15960726 1.596365 1.4004461 1.5885306 1.3903927 1.2043673 1.4509907 1.4402746 1.977106 0.88993846
10.12 1.2050176 0 0.012723716 0.13577688 1.524303 1.4026816 1.5199302 1.3869033 1.2043673 1.4421559 1.4268119 1.9588605 0.87029327
10.16 1.1780739 0 -0.016328471 0.11577089 1.4499501 1.4016381 1.4494816 1.3807265 1.2043673 1.4313835 1.411793 1.9361959 0.84989409
10.2 1.1498214 0 -0.046089141 0.09898423 1.3733524 1.3972841 1.3771251 1.371959 1.2043673 1.4187037 1.3953318 1.9094863 0.82889152
10.24 1.1202915 0 -0.076701598 0.084897261 1.2945841 1.389753 1.3028034 1.3606772 1.2043673 1.4043303 1.377551 1.8790346 0.80632034
10.28 1.0895169 0 -0.10825646 0.073068511 1.2137765 1.3796349 1.2264796 1.3470068 1.2043673 1.388956 1.3586553 1.845142 0.77934381
10.32 1.0575318 0 -0.14080666 0.063125857 1.1310238 1.3674343 1.1481423 1.3312444 1.2043673 1.3731994 1.3390447 1.8082066 0.74890378
10.36 1.0243718 0 -0.1743782 0.054757405 1.0463831 1.3534804 1.0677896 1.3138676 1.2043673 1.3575164 1.3193259 1.7687356 0.71829
10.4 0.99007375 0 -0.20897773 0.047702805 0.95989206 1.3379615 0.98539971 1.2954262 1.2043673 1.3422351 1.3002008 1.7272602 0.69045477
10.44 0.95467569 0 -0.24459798 0.041745336 0.87158251 1.3209526 0.9009219 1.2764126 1.2043673 1.3275839 1.2823394 1.6842471 0.66685373
10.48 0.91821698 0 -0.28122153 0.036704938 0.7814919 1.3024388 0.81428917 1.2571654 1.2043673 1.3137139 1.2662825 1.6400401 0.64774972
10.52 0.88073812 0 -0.31882353 0.032432171 0.68967206 1.2823346 0.72544067 1.2378223 1.2043673 1.3007172 1.2523921 1.5948399 0.63296911
10.56 0.84228076 0 -0.35737352 0.028803078 0.59619668 1.2605008 0.63434622 1.2183204 1.2043673 1.2886409 1.2408452 1.5487156 0.62234612
10.6 0.80288761 0 -0.39683683 0.025714852 0.50116756 1.236758 0.54102629 1.198428 1.2043673 1.2774988 1.231659 1.5016344 0.61575916
10.64 0.76260245 0 -0.43717553 0.023082205 0.40488448 1.2109481 0.44556606 1.1777942 1.2043673 1.2672788 1.2247318 1.4534993 0.6130361
10.68 0.72147003 0 -0.47834909 0.020834351 0.30878762 1.1833119 0.34820161 1.1560283 1.2043673 1.2579443 1.2199148 1.4042561 0.61370719
10.72 0.67953606 0 -0.5203149 0.018912507 0.21321338 1.1539204 0.24930007 1.1327406 1.2043673 1.2494559 1.2169461 1.3538943 0.61646473
10.76 0.63684711 0 -0.56302864 0.017267822 0.11820307 1.122755 0.14935995 1.1076296 1.2043673 1.2417684 1.2155485 1.302508 0.62043402
10.8 0.59345062 0 -0.60644457 0.015859681 0.02380525 1.0897812 0.048902796 1.0804925 1.2043673 1.2348314 1.2154711 1.2502387 0.62532815
10.84 0.5493948 0 -0.65051572 0.0146543 -0.06992353 1.054951 -0.051605415 1.051188 1.2043673 1.2285915 1.2164859 1.1972054 0.63119359
10.88 0.5047286 0 -0.69519406 0.013623577 -0.16291775 1.0182039 -0.15177646 1.0195964 1.2043673 1.2229951 1.2183753 1.1434672 0.63815797
10.92 0.45950164 0 -0.74043068 0.012744146 -0.25510171 0.97946783 -0.25128611 0.98559458 1.2043673 1.217989 1.2209234 1.0890164 0.64627912
10.96 0.41376417 0 -0.78617586 0.011996609 -0.34638809 0.93865987 -0.3498485 0.94904809 1.2043673 1.2135217 1.2239129 1.0337896 0.65549344
11 0.36756701 0 -0.83237917 0.011364901 -0.43667613 0.89568637 -0.44719368 0.90981432 1.2043673 1.2095442 1.2271289 0.97768327 0.66563061
11.04 0.32096148 0 -0.8789896 0.010835773 -0.52584957 0.85044335 -0.54305429 0.86774945 1.2043673 1.20601 1.2303646 0.92056729 0.67646059
11.08 0.27399935 0 -0.92595559 0.010398378 -0.6137444 0.80284921 -0.63716063 0.82271561 1.2043673 1.2028758 1.2334303 0.86229419 0.68774681
11.12 0.22673281 0 -0.97322515 0.010043932 -0.69986264 0.75320501 -0.72922375 0.77461137 1.2043673 1.2000977 1.2361664 0.80273476 0.69916486
11.16 0.17921437 0 -1.0207459 0.0097654435 -0.78352748 0.7022054 -0.81883604 0.72348513 1.2043673 1.1976336 1.2384203 0.74191303 0.70990701
11.2 0.13149682 0 -1.0684651 0.0095575038 -0.86416844 0.65070331 -0.90540304 0.66968918 1.2043673 1.1954456 1.2400275 0.68015982 0.71875756
11.24 0.083633174 0 -1.1163299 0.0094161238 -0.94141509 0.59957306 -0.98819747 0.61394789 1.2043673 1.1935011 1.240805 0.61814823 0.72455912
11.28 0.035676613 0 -1.164287 0.0093386167 -1.0151194 0.54959986 -1.066498 0.5573096 1.2043673 1.1917729 1.2405616 0.55680901 0.72668906
11.32 -0.012319586 0 -1.2122834 0.0093235179 -1.0853323 0.50143952 -1.1397488 0.50100629 1.2043673 1.190254 1.2391291 0.49717456 0.72514696
11.36 -0.060302098 0 -1.2602655 0.009370543 -1.152337 0.455651 -1.2076812 0.44628227 1.2043673 1.1890558 1.2364063 0.44022237 0.71990206
11.4 -0.10821761 0 -1.3081802 0.009480579 -1.2164756 0.41264538 -1.2703762 0.39425885 1.2043673 1.1882682 1.2324167 0.38677774 0.71222359
11.44 -0.1560129 0 -1.3559741 0.0096557101 -1.2780528 0.37268016 -1.3282192 0.34585412 1.2043673 1.1878979 1.2273067 0.33748366 0.70414543
11.48 -0.20363485 0 -1.403594 0.0098992796 -1.3373727 0.33583895 -1.3817935 0.30174314 1.2043673 1.1879211 1.2213012 0.29280141 0.69710382
11.52 -0.25103056 0 -1.4509871 0.010215988 -1.3946993 0.30210338 -1.4317752 0.26233995 1.2043673 1.1882881 1.2146563 0.25301238 0.69160174
11.56 -0.29814738 0 -1.4981005 0.010612033 -1.4502483 0.27139566 -1.4788462 0.22780836 1.2043673 1.1889335 1.2076246 0.2182309 0.68741887
11.6 -0.34493295 0 -1.5448817 0.011095296 -1.5041945 0.24359755 -1.523632 0.19810245 1.2043673 1.1897888 1.2004324 0.18843336 0.68404621
11.64 -0.3913353 0 -1.5912785 0.011675583 -1.5566785 0.21856502 -1.5666697 0.17302171 1.2043673 1.190789 1.1932725 0.16349191 0.68101682
11.68 -0.43730287 0 -1.6372392 0.012364928 -1.6078115 0.19613966 -1.6084006 0.15226541 1.2043673 1.1918774 1.1863067 0.14319734 0.67804031
11.72 -0.4827846 0 -1.6827122 0.013177965 -1.6576807 0.17615737 -1.6491796 0.13547634 1.2043673 1.1930063 1.1796748 0.12726037 0.67500723
11.76 -0.52772995 0 -1.7276467 0.014132401 -1.7063522 0.15845515 -1.6892883 0.12227117 1.2043673 1.1941379 1.173502 0.11529319 0.67194366
11.8 -0.57208898 0 -1.7719921 0.015249583 -1.753875 0.14287616 -1.7289496 0.11225951 1.2043673 1.1952436 1.167904 0.10679027 0.66895969
11.84 -0.61581242 0 -1.8156982 0.016555201 -1.8002834 0.12927372 -1.7683373 0.10505561 1.2043673 1.1963025 1.1629877 0.10113629 0.66620722
11.88 -0.65885169 0 -1.8587155 0.018080144 -1.8455991 0.11751432 -1.8075827 0.10028599 1.2043673 1.1973005 1.1588485 0.097654477 0.66384925
11.92 -0.70115896 0 -1.9009946 0.019861545 -1.8898338 0.10748014 -1.8467786 0.097595598 1.2043673 1.198229 1.1555665 0.095678743 0.66203945
11.96 -0.74268725 0 -1.9424866 0.021944054 -1.9329899 0.099071115 -1.8859807 0.096653418 1.2043673 1.1990838 1.1532017 0.094616766 0.6609093
12 -0.7833904 0 -1.9831427 0.024381385 -1.9750623 0.092206853 -1.9252098 0.097158186 1.2043673 1.1998639 1.1517911 0.093983096 0.66056055
12.04 -0.8232232 0 -2.022914 0.027238199 -2.0160394 0.086828532 -1.9644532 0.098844074 1.2043673 1.2005708 1.1513461 0.093402837 0.66106115
12.08 -0.86214139 0 -2.0617514 0.030592384 -2.0559035 0.082900965 -2.0036674 0.10148618 1.2043673 1.2012076 1.151853 0.092597888 0.66244338
12.12 -0.90010173 0 -2.0996046 0.034537808 -2.0946313 0.080414961 -2.042781 0.10490566 1.2043673 1.2017787 1.1532741 0.09136735 0.66470371
12.16 -0.93706206 0 -2.136422 0.039187638 -2.1321938 0.07939013 -2.0816974 0.10897445 1.2043673 1.2022891 1.1555504 0.089568821 0.6678041
12.2 -0.9729813 0 -2.1721493 0.044678323 -2.1685562 0.079878279 -2.1202987 0.11361962 1.2043673 1.2027441 1.158605 0.087103123 0.67167446
12.24 -1.0078196 0 -2.2067279 0.051174325 -2.2036765 0.081967523 -2.1584481 0.11882762 1.2043673 1.2031493 1.1623472 0.083902703 0.67621614
12.28 -1.0415381 0 -2.240093 0.05887371 -2.2375041 0.08578723 -2.1959928 0.12464853 1.2043673 1.20351 1.1666759 0.079923056 0.6813064
12.32 -1.0740995 0 -2.2721705 0.068014662 -2.2699769 0.091513909 -2.2327656 0.13120074 1.2043673 1.2038314 1.1714836 0.075136439 0.68680354
12.36 -1.1054676 0 -2.302872 0.078882948 -2.3010173 0.099378051 -2.2685854 0.13867615 1.2043673 1.2041186 1.1766597 0.069527404 0.69255302
12.4 -1.1356074 0 -2.3320894 0.091820255 -2.3305261 0.10967189 -2.3032563 0.14734628 1.2043673 1.2043761 1.1820934 0.06309016 0.69839479
12.44 -1.1644857 0 -2.3596848 0.10723316 -2.3583736 0.12275785 -2.336565 0.15756934 1.2043673 1.2046083 1.1876767 0.055828731 0.70417212
12.48 -1.1920701 0 -2.3854787 0.12560222 -2.3843927 0.13906838 -2.368275 0.16979815 1.2043673 1.204823 1.1933074 0.047763008 0.70974205
12.52 -1.2183302 0 -2.4092318 0.14749019 -2.4084923 0.15887192 -2.3981259 0.18457364 1.2043673 1.205129 1.1989009 0.038937322 0.71498984
12.56 -1.2432367 0 -2.4306208 0.17354769 -2.4306812 0.18218959 -2.4258643 0.20244549 1.2043673 1.2057417 1.2044242 0.029404011 0.71995499
12.6 -1.2667619 0 -2.4492061 0.20451361 -2.4509384 0.20900988 -2.4512856 0.22386009 1.2043673 1.2068727 1.2099267 0.019485156 0.72490158
12.64 -1.2888797 0 -2.464388 0.24120601 -2.4692057 0.23929984 -2.4742442 0.24910947 1.2043673 1.20872 1.2155411 0.012644123 0.73023954
12.68 -1.3095656 0 -2.4753535 0.28449741 -2.4853881 0.27300306 -2.494635 0.27833829 1.2043673 1.2114653 1.2214605 0.020335315 0.73638772
12.72 -1.3287966 0 -2.4810105 0.33526572 -2.4993557 0.31003635 -2.5123651 0.31157482 1.2043673 1.2152692 1.2279077 0.039433109 0.74369451
12.76 -1.3465513 0 -2.4799177 0.39431006 -2.5109454 0.35028485 -2.5273284 0.34876356 1.2043673 1.2202669 1.2351064 0.065891331 0.75244863
12.8 -1.3628099 0 -2.4702183 0.46221912 -2.5199642 0.39359564 -2.5393861 0.38978857 1.2043673 1.226561 1.2432581 0.10029696 0.76290242
12.84 -1.3775544 0 -2.4496006 0.53918175 -2.5261933 0.43977014 -2.5483583 0.43448336 1.2043673 1.2342155 1.2525262 0.14406086 0.77528942
12.88 -1.3907685 0 -2.4153186 0.62473758 -2.5293963 0.48855599 -2.5540236 0.4826292 1.2043673 1.2432497 1.2630248 0.19869878 0.78982947
12.92 -1.4024374 0 -2.364319 0.71748428 -2.5293295 0.53963941 -2.5561269 0.533946 1.2043673 1.2536336 1.2748107 0.26557648 0.80672016
12.96 -1.4125482 0 -2.2935241 0.81478922 -2.5257574 0.59263994 -2.5543916 0.58808003 1.2043673 1.2652861 1.2878772 0.34569941 0.82611494
13 -1.4210896 0 -2.2003017 0.91259442 -2.5184708 0.64710936 -2.548538 0.64459231 1.2043673 1.2780766 1.302149 0.43949439 0.84808922
13.04 -1.4280522 0 -2.083104 1.0054388 -2.5073074 0.70253716 -2.5383053 0.70295092 1.2043673 1.2918303 1.3174801 0.54659765 0.87259799
13.08 -1.4334282 0 -1.9421679 1.0868228 -2.492171 0.758364 -2.523498 0.76252598 1.2043673 1.3063382 1.3336748 0.66571145 0.89298665
13.12 -1.4372117 0 -1.780077 1.1499754 -2.4730464 0.81400329 -2.504006 0.82260477 1.2043673 1.3213684 1.350487 0.79454121 0.90906028
13.16 -1.4393984 0 -1.6019348 1.1889415 -2.4500047 0.8688689 -2.4797674 0.88241843 1.2043673 1.3366787 1.3675729 0.92983208 0.92544751
13.2 -1.4399859 0 -1.4149624 1.1997391 -2.4231974 0.92240519 -2.450831 0.94115954 1.2043673 1.3520282 1.38455 1.0676694 0.94140738
13.24 -1.4389736 0 -1.2275198 1.1812228 -2.3928382 0.97411428 -2.4173823 0.99802635 1.2043673 1.3671844 1.4010382 1.2038918 0.95612059
13.28 -1.4363626 0 -1.0477875 1.1353455 -2.3591754 1.0235759 -2.3797334 1.0522718 1.2043673 1.3819265 1.4166799 1.3345392 0.96887817
13.32 -1.4321557 0 -0.88250435 1.0667162 -2.3224598 1.0704575 -2.3382935 1.1032454 1.2043673 1.3960455 1.4311516 1.4562498 0.97920567
13.36 -1.4263578 0 -0.73612765 0.98162233 -2.2829155 1.1145133 -2.2935282 1.150424 1.2043673 1.4093427 1.4441727 1.5665226 0.98689837
13.4 -1.4189751 0 -0.61059344 0.88685913 -2.2407186 1.1555763 -2.2459148 1.1934284 1.2043673 1.4216287 1.4555089 1.6638091 0.9919653
13.44 -1.4100159 0 -0.50561628 0.78870861 -2.1959875 1.1935449 -2.1958961 1.2320259 1.2043673 1.432726 1.4649733 1.7474486 0.99451638
13.48 -1.3994902 0 -0.41931169 0.69227886 -2.1487874 1.2283665 -2.1438442 1.2661185 1.2043673 1.4424727 1.4724228 1.8175005 0.9946515
13.52 -1.3874097 0 -0.34889621 0.60124017 -2.0991426 1.2600221 -2.0900369 1.2957221 1.2043673 1.4507277 1.4777545 1.8745364 0.99240233
13.56 -1.3737877 0 -0.29128742 0.51787364 -2.0470534 1.2885115 -2.034653 1.3209403 1.2043673 1.4573725 1.4809034 1.9194426 0.98774308
13.6 -1.3586395 0 -0.24352359 0.44330192 -1.992511 1.3138415 -1.9777818 1.3419373 1.2043673 1.462311 1.4818396 1.9532614 0.98064672
13.64 -1.3419817 0 -0.20300063 0.37778566 -1.9355079 1.336018 -1.9194437 1.3589135 1.2043673 1.465467 1.4805672 1.9770778 0.97114537
13.68 -1.3238331 0 -0.16756584 0.32100791 -1.8760433 1.3550415 -1.8596133 1.3720862 1.2043673 1.4667806 1.4771213 1.9919474 0.95936244
13.72 -1.3042136 0 -0.1355185 0.27230813 -1.8141256 1.3709055 -1.7982408 1.3816746 1.2043673 1.4662059 1.4715641 1.9988545 0.94550843
13.76 -1.2831452 0 -0.10556048 0.23085561 -1.7497719 1.3835969 -1.7352666 1.3878898 1.2043673 1.4637093 1.4639797 1.9986907 0.9298511
13.8 -1.2606511 0 -0.076727503 0.19576731 -1.6830069 1.3930969 -1.6706302 1.3909283 1.2043673 1.4592683 1.4544683 1.9922453 0.91267786
13.84 -1.2367565 0 -0.048319008 0.1661816 -1.6138621 1.3993817 -1.604273 1.3909671 1.2043673 1.4528715 1.4431404 1.9802035 0.89426371
13.88 -1.2114878 0 -0.019835874 0.14129977 -1.5423744 1.4024247 -1.5361377 1.3881612 1.2043673 1.4445194 1.4301116 1.9631483 0.87485095
13.92 -1.1848732 0 0.0090708744 0.12040599 -1.4685849 1.4021964 -1.4661669 1.3826406 1.2043673 1.4342246 1.415498 1.9415658 0.85464067
13.96 -1.1569421 0 0.038640198 0.10287328 -1.3925389 1.3986654 -1.3943012 1.3745087 1.2043673 1.4220134 1.3994145 1.9158514 0.83379315
14 -1.1277257 0 0.069031405 0.088161411 -1.3142966 1.3918762 -1.3204808 1.3638439 1.2043673 1.4080055 1.3819777 1.8863215 0.8119305
14.04 -1.0972564 0 0.10034658 0.075810332 -1.2339836 1.3823449 -1.2446629 1.350748 1.2043673 1.3928146 1.3633619 1.8532685 0.78615157
14.08 -1.065568 0 0.13264684 0.06543159 -1.1517064 1.3706238 -1.1668298 1.3354672 1.2043673 1.377105 1.3439106 1.8170598 0.75635066
14.12 -1.0326957 0 0.16596404 0.056699203 -1.0675296 1.3570823 -1.0869807 1.3184417 1.2043673 1.3613691 1.3241873 1.778182 0.72551842
14.16 -0.99867612 0 0.20030907 0.049340818 -0.98149399 1.3419406 -1.0051004 1.3002154 1.2043673 1.345964 1.3048829 1.7371693 0.69686019
14.2 -0.963547 0 0.23567768 0.043129595 -0.8936319 1.3252996 -0.92114527 1.2813055 1.2043673 1.3311403 1.2866858 1.6945118 0.67220885
14.24 -0.92734737 0 0.27205471 0.037876985 -0.80397845 1.3071646 -0.83505056 1.262095 1.2043673 1.3170666 1.2701755 1.6505872 0.65204618
14.28 -0.89011744 0 0.30941691 0.033426475 -0.71258116 1.2874662 -0.74675196 1.2427729 1.2043673 1.3038481 1.2557605 1.6056323 0.63624513
14.32 -0.85189859 0 0.3477351 0.029648227 -0.61950768 1.2660767 -0.65620967 1.2233238 1.2043673 1.2915418 1.2436622 1.5597465 0.62462235
14.36 -0.81273327 0 0.38697553 0.026434557 -0.5248523 1.2428257 -0.56343093 1.2035542 1.2043673 1.2801688 1.2339343 1.51292 0.61705927
14.4 -0.772665 0 0.42710101 0.023696139 -0.42877202 1.2175211 -0.4684791 1.1831359 1.2043673 1.2697234 1.2264966 1.4650636 0.6133901
14.44 -0.73173829 0 0.46807161 0.021358847 -0.3325512 1.1903193 -0.37154455 1.1616814 1.2043673 1.2601734 1.2212133 1.4161033 0.6133393
14.48 -0.68999862 0 0.50984518 0.01936113 -0.2368438 1.161364 -0.27295731 1.1387922 1.2043673 1.2514797 1.2178514 1.3660102 0.61573057
14.52 -0.64749235 0 0.55237782 0.017651849 -0.14168945 1.130641 -0.17318809 1.1141364 1.2043673 1.2435987 1.2161286 1.3148494 0.61950428
14.56 -0.60426671 0 0.59562409 0.016188489 -0.047134859 1.0981195 -0.072764999 1.0874868 1.2043673 1.2364808 1.2157853 1.2627583 0.62422749
14.6 -0.56036973 0 0.63953732 0.01493569 0.046765496 1.0637546 0.027822696 1.0586912 1.2043673 1.2300735 1.2165882 1.2098696 0.62988144
14.64 -0.51585017 0 0.68406974 0.013864037 0.13994842 1.0274889 0.12816216 1.0276296 1.2043673 1.2243229 1.218318 1.1562633 0.63659182
14.68 -0.47075749 0 0.72917264 0.012949069 0.23234085 0.98925312 0.22791122 0.99418375 1.2043673 1.2191756 1.220759 1.1019522 0.64444628
14.72 -0.4251418 0 0.77479648 0.012170468 0.32385851 0.94896696 0.3267742 0.95822497 1.2043673 1.2145797 1.2236944 1.0468883 0.65341734
14.76 -0.37905378 0 0.82089101 0.011511396 0.41440415 0.9065394 0.42447759 0.91961455 1.2043673 1.2104853 1.2269087 0.99097913 0.66336195
14.8 -0.33254462 0 0.86740534 0.010957948 0.50386556 0.86186901 0.52075385 0.87821026 1.2043673 1.2068456 1.2301926 0.93410134 0.67406257
14.84 -0.28566601 0 0.91428807 0.010498717 0.59210547 0.81485251 0.61533417 0.83387333 1.2043673 1.2036165 1.233351 0.87611158 0.68528074
14.88 -0.23847001 0 0.96148728 0.010124435 0.67872864 0.76565997 0.70794075 0.78648792 1.2043673 1.2007543 1.2362171 0.81686847 0.69674894
14.92 -0.19100908 0 1.0089507 0.0098276881 0.7630609 0.71492029 0.79820683 0.73605074 1.2043673 1.1982162 1.2386391 0.75634111 0.70779987
14.96 -0.14333593 0 1.0566256 0.0096026924 0.84449447 0.66345949 0.88558402 0.68282847 1.2043673 1.1959632 1.2404551 0.69477546 0.71728423
15 -0.095503532 0 1.1044593 0.0094451195 0.92260425 0.61215902 0.96936778 0.62745408 1.2043673 1.1939612 1.2414856 0.63276332 0.72397972
15.04 -0.047565031 0 1.1523985 0.0093519688 0.99718906 0.561833 1.0488205 0.57090646 1.2043673 1.1921817 1.241538 0.57118366 0.72709554
15.08 0.00042631532 0 1.2003901 0.0093214784 1.0682494 0.51316771 1.1233329 0.51438859 1.2043673 1.190606 1.2404335 0.51105825 0.72652423
15.12 0.048417188 0 1.2483807 0.0093530734 1.1360158 0.46674677 1.1925573 0.45915658 1.2043673 1.1893162 1.2380479 0.45338828 0.72220089
15.16 0.096354269 0 1.2963171 0.0094473495 1.2008354 0.4230217 1.2564887 0.40637164 1.2043673 1.1884242 1.2343704 0.39903955 0.71498546
15.2 0.1441843 0 1.3441458 0.00960609 1.2630189 0.38228907 1.3154472 0.35700666 1.2043673 1.1879523 1.2295204 0.34869823 0.70688063
15.24 0.19185414 0 1.3918139 0.0098323185 1.3228715 0.34467284 1.3699779 0.31179952 1.2043673 1.1878819 1.223708 0.30286894 0.69953342
15.28 0.23931083 0 1.4392681 0.010130388 1.3806702 0.31017321 1.4207423 0.27123008 1.2043673 1.1881696 1.2171851 0.26187683 0.69366502
15.32 0.28650164 0 1.4864556 0.010506109 1.4366418 0.27872515 1.4684276 0.23552224 1.2043673 1.1887526 1.2102079 0.22587557 0.68919267
15.36 0.33337415 0 1.533324 0.010966926 1.4909708 0.25021894 1.5136772 0.20467743 1.2043673 1.1895622 1.2030106 0.19487272 0.68564196
15.4 0.37987627 0 1.579821 0.011522144 1.5438055 0.22451573 1.5570522 0.17852759 1.2043673 1.1905322 1.1957952 0.16876368 0.68251976
15.44 0.42595635 0 1.6258945 0.01218321 1.5952642 0.20145977 1.5990184 0.15679101 1.2043673 1.1916035 1.1887318 0.147359 0.67949257
15.48 0.47156319 0 1.6714932 0.012964077 1.6454395 0.18088767 1.639952 0.13911947 1.2043673 1.1927262 1.1819664 0.13039167 0.67641392
15.52 0.51664612 0 1.7165658 0.01388164 1.6944025 0.16263562 1.6801529 0.12513205 1.2043673 1.1938601 1.1756291 0.11750244 0.6732852
15.56 0.56115505 0 1.7610618 0.014956284 1.7422061 0.14654484 1.7198586 0.11443687 1.2043673 1.1949744 1.1698394 0.10821773 0.67020329
15.6 0.60504053 0 1.804931 0.016212551 1.788888 0.13246582 1.7592554 0.10664435 1.2043673 1.1960463 1.1647079 0.10194781 0.66731545
15.64 0.64825381 0 1.8481236 0.017679951 1.8344729 0.12026153 1.7984857 0.10137572 1.2043673 1.1970603 1.1603344 0.098025014 0.66478598
15.68 0.69074687 0 1.8905901 0.019393961 1.8789748 0.10981008 1.8376519 0.098269342 1.2043673 1.1980066 1.1568043 0.095772957 0.66277362
15.72 0.73247251 0 1.9322817 0.021397236 1.9223982 0.1010068 1.8768193 0.096986436 1.2043673 1.1988798 1.1541837 0.094575133 0.66141719
15.76 0.77338436 0 1.9731495 0.023741083 1.96474 0.09376625 1.9160175 0.097216742 1.2043673 1.1996783 1.1525158 0.093916599 0.66082704
15.8 0.81343698 0 2.0131446 0.026487255 2.0059898 0.08802409 1.955242 0.098684227 1.2043673 1.200403 1.1518188 0.093394297 0.66108032
15.84 0.85258586 0 2.052218 0.029710125 2.0461316 0.083739067 1.9944567 0.10115263 1.2043673 1.2010567 1.152085 0.09270649 0.66221862
15.88 0.89078751 0 2.0903198 0.033499316 2.0851433 0.080895307 2.0335966 0.10443072 1.2043673 1.2016436 1.1532823 0.091633809 0.66424746
15.92 0.92799949 0 2.1273989 0.037962869 2.1229975 0.079504995 2.0725708 0.10837707 1.2043673 1.2021685 1.1553563 0.090019988 0.66713718
15.96 0.96418046 0 2.1634015 0.043231055 2.1596608 0.079611607 2.1112661 0.11290452 1.2043673 1.2026366 1.1582341 0.087755678 0.67082515
