t x y z hx hy rx ry rz dx dy rzrel acc
0 0 0 -2.5999867e-08 1 0 1.2 3.4593664e-18 1.397527 1.2 3.4593664e-18 0 0.001
0.05 0 0 -2.825936e-08 1 0 1.2 3.4593664e-18 1.397527 1.2 3.4593664e-18 -2.2594935e-09 0.001
0.1 0 0 -3.0715213e-08 1 0 1.2 3.4593664e-18 1.397527 1.2 3.4593664e-18 -4.7153461e-09 0.001
0.15 0 0 -3.3384489e-08 1 0 1.2 3.4593664e-18 1.397527 1.2 3.4593664e-18 -7.3846225e-09 0.001
0.2 0 0 -3.6285736e-08 1 0 1.2 3.4593664e-18 1.397527 1.2 3.4593664e-18 -1.0285869e-08 0.001
0.25 0 0 -3.9439114e-08 1 0 1.2 3.4593664e-18 1.397527 1.2 3.4593664e-18 -1.3439247e-08 0.001
0.3 0 0 -4.2866532e-08 1 0 1.2 3.4593664e-18 1.397527 1.2 3.4593664e-18 -1.6866665e-08 0.001
0.35 0 0 -4.6591807e-08 1 0 1.2 3.4593664e-18 1.397527 1.2 3.4593664e-18 -2.059194e-08 0.001
0.4 0 0 -5.0640823e-08 1 0 1.2 3.4593664e-18 1.397527 1.2 3.4593664e-18 -2.4640956e-08 0.001
0.45 0 0 -5.5041715e-08 1 0 1.2 3.4593664e-18 1.397527 1.2 3.4593664e-18 -2.9041848e-08 0.001
0.5 0 0 -5.9825062e-08 1 0 1.2 3.4593664e-18 1.397527 1.2 3.4593664e-18 -3.3825195e-08 0.001
0.55 0 0 -6.5024102e-08 1 0 1.2 3.4593664e-18 1.397527 1.2 3.4593664e-18 -3.9024235e-08 0.001
0.6 0 0 -7.0674959e-08 1 0 1.2 3.4593664e-18 1.397527 1.2 3.4593664e-18 -4.4675092e-08 0.001
0.65 0 0 -7.6816898e-08 1 0 1.2 3.4593664e-18 1.397527 1.2 3.4593664e-18 -5.0817031e-08 0.001
0.7 0 0 -8.3492596e-08 1 0 1.2 3.4593664e-18 1.397527 1.2 3.4593664e-18 -5.7492729e-08 0.001
0.75 0 0 -9.0748439e-08 1 0 1.2 3.4593664e-18 1.397527 1.2 3.4593664e-18 -6.4748572e-08 0.001
0.8 0 0 -9.8634844e-08 1 0 1.2 3.4593664e-18 1.397527 1.2 3.4593664e-18 -7.2634977e-08 0.001
0.85 0 0 -1.0720661e-07 1 0 1.2 3.4593664e-18 1.397527 1.2 3.4593664e-18 -8.1206743e-08 0.001
0.9 0 0 -1.165233e-07 1 0 1.2 3.4593664e-18 1.3975269 1.2 3.4593664e-18 -9.0523429e-08 0.001
0.95 0 0 -1.2664964e-07 1 0 1.2 3.4593664e-18 1.3975269 1.2 3.4593664e-18 -1.0064977e-07 0.001
1 0 0 -1.37656e-07 1 0 1.2 3.4593664e-18 1.3975269 1.2 3.4593664e-18 -1.1165614e-07 0.001
1.05 0 0 -1.4961886e-07 1 0 1.2 3.4593664e-18 1.3975269 1.2 3.4593664e-18 -1.23619e-07 0.001
1.1 0 0 -1.6262134e-07 1 0 1.2 3.4593664e-18 1.3975269 1.2 3.4593664e-18 -1.3662148e-07 0.001
1.15 0 0 -1.7675379e-07 1 0 1.2 3.4593664e-18 1.3975269 1.2 3.4593664e-18 -1.5075392e-07 0.001
1.2 0 0 -1.921144e-07 1 0 1.2 3.4593664e-18 1.3975269 1.2 3.4593664e-18 -1.6611454e-07 0.001
1.25 0 0 -2.0880992e-07 1 0 1.2 3.4593664e-18 1.3975269 1.2 3.4593664e-18 -1.8281005e-07 0.001
1.3 0 0 -2.2695633e-07 1 0 1.2 3.4593664e-18 1.3975268 1.2 3.4593664e-18 -2.0095647e-07 0.001
1.35 0 0 -2.4667975e-07 1 0 1.2 3.4593664e-18 1.3975268 1.2 3.4593664e-18 -2.2067988e-07 0.001
1.4 0 0 -2.681172e-07 1 0 1.2 3.4593664e-18 1.3975268 1.2 3.4593664e-18 -2.4211734e-07 0.001
1.45 0 0 -2.9141766e-07 1 0 1.2 3.4593664e-18 1.3975268 1.2 3.4593664e-18 -2.6541779e-07 0.001
1.5 0 0 -3.1674302e-07 1 0 1.2 3.4593664e-18 1.3975267 1.2 3.4593664e-18 -2.9074315e-07 0.001
1.55 0 0 -3.4426925e-07 1 0 1.2 3.4593664e-18 1.3975267 1.2 3.4593664e-18 -3.1826938e-07 0.001
1.6 0 0 -3.7418761e-07 1 0 1.2 3.4593664e-18 1.3975267 1.2 3.4593664e-18 -3.4818775e-07 0.001
1.65 0 0 -4.06706e-07 1 0 1.2 3.4593664e-18 1.3975267 1.2 3.4593664e-18 -3.8070613e-07 0.001
1.7 0 0 -4.4205037e-07 1 0 1.2 3.4593664e-18 1.3975266 1.2 3.4593664e-18 -4.160505e-07 0.001
1.75 0 0 -4.8046629e-07 1 0 1.2 3.4593664e-18 1.3975266 1.2 3.4593664e-18 -4.5446642e-07 0.001
1.8 0 0 -5.2222071e-07 1 0 1.2 3.4593664e-18 1.3975265 1.2 3.4593664e-18 -4.9622084e-07 0.001
1.85 0 0 -5.6760375e-07 1 0 1.2 3.4593664e-18 1.3975265 1.2 3.4593664e-18 -5.4160388e-07 0.001
1.9 0 0 -6.1693074e-07 1 0 1.2 3.4593664e-18 1.3975264 1.2 3.4593664e-18 -5.9093088e-07 0.001
1.95 0 0 -6.7054444e-07 1 0 1.2 3.4593664e-18 1.3975264 1.2 3.4593664e-18 -6.4454458e-07 0.001
2 0 0 -7.2881738e-07 1 0 1.2 3.4593664e-18 1.3975263 1.2 3.4593664e-18 -7.0281751e-07 0.001
2.05 0 0 -7.9215445e-07 1 0 1.2 3.4593664e-18 1.3975263 1.2 3.4593664e-18 -7.6615458e-07 0.001
2.1 0 0 -8.6099574e-07 1 0 1.2 3.4593664e-18 1.3975262 1.2 3.4593664e-18 -8.3499588e-07 0.001
2.15 0 0 -9.358196e-07 1 0 1.2 3.4593664e-18 1.3975261 1.2 3.4593664e-18 -9.0981974e-07 0.001
2.2 0 0 -1.0171459e-06 1 0 1.2 3.4593664e-18 1.397526 1.2 3.4593664e-18 -9.9114607e-07 0.001
2.25 0 0 -1.1055398e-06 1 0 1.2 3.4593664e-18 1.397526 1.2 3.4593664e-18 -1.07954e-06 0.001
2.3 0 0 -1.2016154e-06 1 0 1.2 3.4593664e-18 1.3975259 1.2 3.4593664e-18 -1.1756156e-06 0.001
2.35 0 0 -1.3060404e-06 1 0 1.2 3.4593664e-18 1.3975258 1.2 3.4593664e-18 -1.2800405e-06 0.001
2.4 0 0 -1.4195402e-06 1 0 1.2 3.4593664e-18 1.3975256 1.2 3.4593664e-18 -1.3935404e-06 0.001
2.45 0 0 -1.5429036e-06 1 0 1.2 3.4593664e-18 1.3975255 1.2 3.4593664e-18 -1.5169037e-06 0.001
2.5 0 0 -1.6769877e-06 1 0 1.2 3.4593664e-18 1.3975254 1.2 3.4593664e-18 -1.6509878e-06 0.001
2.55 0 0 -1.8227241e-06 1 0 1.2 3.4593664e-18 1.3975252 1.2 3.4593664e-18 -1.7967242e-06 0.001
2.6 0 0 -1.9811255e-06 1 0 1.2 3.4593664e-18 1.3975251 1.2 3.4593664e-18 -1.9551256e-06 0.001
2.65 0 0 -2.1532925e-06 1 0 1.2 3.4593664e-18 1.3975249 1.2 3.4593664e-18 -2.1272927e-06 0.001
2.7 0 0 -2.3404214e-06 1 0 1.2 3.4593664e-18 1.3975247 1.2 3.4593664e-18 -2.3144215e-06 0.001
2.75 0 0 -2.5438123e-06 1 0 1.2 3.4593664e-18 1.3975245 1.2 3.4593664e-18 -2.5178125e-06 0.001
2.8 0 0 -2.7648786e-06 1 0 1.2 3.4593664e-18 1.3975243 1.2 3.4593664e-18 -2.7388787e-06 0.001
2.85 0 0 -3.0051561e-06 1 0 1.2 3.4593664e-18 1.3975241 1.2 3.4593664e-18 -2.9791562e-06 0.001
2.9 0 0 -3.2663145e-06 1 0 1.2 3.4593664e-18 1.3975238 1.2 3.4593664e-18 -3.2403146e-06 0.001
2.95 0 0 -3.5501682e-06 1 0 1.2 3.4593664e-18 1.3975235 1.2 3.4593664e-18 -3.5241683e-06 0.001
3 0 0 -3.8586895e-06 1 0 1.2 3.4593664e-18 1.3975232 1.2 3.4593664e-18 -3.8326896e-06 0.001
3.05 0 0 -4.1940221e-06 1 0 1.2 3.4593664e-18 1.3975229 1.2 3.4593664e-18 -4.1680223e-06 0.001
3.1 0 0 -4.5584959e-06 1 0 1.2 3.4593664e-18 1.3975225 1.2 3.4593664e-18 -4.5324961e-06 0.001
3.15 0 0 -4.9546433e-06 1 0 1.2 3.4593664e-18 1.3975221 1.2 3.4593664e-18 -4.9286435e-06 0.001
3.2 0 0 -5.3852168e-06 1 0 1.2 3.4593664e-18 1.3975217 1.2 3.4593664e-18 -5.3592169e-06 0.001
3.25 0 0 -5.8532078e-06 1 0 1.2 3.4593664e-18 1.3975212 1.2 3.4593664e-18 -5.8272079e-06 0.001
3.3 0 0 -6.3618681e-06 1 0 1.2 3.4593664e-18 1.3975207 1.2 3.4593664e-18 -6.3358682e-06 0.001
3.35 0 0 -6.9147317e-06 1 0 1.2 3.4593664e-18 1.3975201 1.2 3.4593664e-18 -6.8887318e-06 0.001
3.4 0 0 -7.5156398e-06 1 0 1.2 3.4593664e-18 1.3975195 1.2 3.4593664e-18 -7.48964e-06 0.001
3.45 0 0 -8.1687675e-06 1 0 1.2 3.4593664e-18 1.3975189 1.2 3.4593664e-18 -8.1427676e-06 0.001
3.5 0 0 -8.8786525e-06 1 0 1.2 3.4593664e-18 1.3975182 1.2 3.4593664e-18 -8.8526526e-06 0.001
3.55 0 0 -9.6502268e-06 1 0 1.2 3.4593664e-18 1.3975174 1.2 3.4593664e-18 -9.6242269e-06 0.001
3.6 0 0 -1.0488851e-05 1 0 1.2 3.4593664e-18 1.3975166 1.2 3.4593664e-18 -1.0462851e-05 0.001
3.65 0 0 -1.1400352e-05 1 0 1.2 3.4593664e-18 1.3975157 1.2 3.4593664e-18 -1.1374352e-05 0.001
3.7 0 0 -1.2391061e-05 1 0 1.2 3.4593664e-18 1.3975147 1.2 3.4593664e-18 -1.2365061e-05 0.001
3.75 0 0 -1.3467862e-05 1 0 1.2 3.4593664e-18 1.3975136 1.2 3.4593664e-18 -1.3441862e-05 0.001
3.8 0 0 -1.4638236e-05 1 0 1.2 3.4593664e-18 1.3975124 1.2 3.4593664e-18 -1.4612236e-05 0.001
3.85 0 0 -1.5910313e-05 1 0 1.2 3.4593664e-18 1.3975111 1.2 3.4593664e-18 -1.5884313e-05 0.001
3.9 0 0 -1.729293e-05 1 0 1.2 3.4593664e-18 1.3975098 1.2 3.4593664e-18 -1.726693e-05 0.001
3.95 0 0 -1.8795693e-05 1 0 1.2 3.4593664e-18 1.3975083 1.2 3.4593664e-18 -1.8769693e-05 0.001
4 0 0 -2.0429041e-05 1 0 1.2 3.4593664e-18 1.3975066 1.2 3.4593664e-18 -2.0403041e-05 0.001
4.05 0 0 -2.220432e-05 1 0 1.2 3.4593664e-18 1.3975049 1.2 3.4593664e-18 -2.217832e-05 0.001
4.1 0 0 -2.4133862e-05 1 0 1.2 3.4593664e-18 1.3975029 1.2 3.4593664e-18 -2.4107862e-05 0.001
4.15 0 0 -2.623107e-05 1 0 1.2 3.4593664e-18 1.3975008 1.2 3.4593664e-18 -2.620507e-05 0.001
4.2 0 0 -2.8510511e-05 1 0 1.2 3.4593664e-18 1.3974985 1.2 3.4593664e-18 -2.8484511e-05 0.001
4.25 0 0 -3.098802e-05 1 0 1.2 3.4593664e-18 1.3974961 1.2 3.4593664e-18 -3.096202e-05 0.001
4.3 0 0 -3.3680802e-05 1 0 1.2 3.4593664e-18 1.3974934 1.2 3.4593664e-18 -3.3654803e-05 0.001
4.35 0 0 -3.6607562e-05 1 0 1.2 3.4593664e-18 1.3974905 1.2 3.4593664e-18 -3.6581563e-05 0.001
4.4 0 0 -3.9788627e-05 1 0 1.2 3.4593664e-18 1.3974873 1.2 3.4593664e-18 -3.9762627e-05 0.001
4.45 0 0 -4.3246087e-05 1 0 1.2 3.4593664e-18 1.3974838 1.2 3.4593664e-18 -4.3220087e-05 0.001
4.5 0 0 -4.7003954e-05 1 0 1.2 3.4593664e-18 1.3974801 1.2 3.4593664e-18 -4.6977955e-05 0.001
4.55 0 0 -5.1088325e-05 1 0 1.2 3.4593664e-18 1.397476 1.2 3.4593664e-18 -5.1062325e-05 0.001
4.6 0 0 -5.5527559e-05 1 0 1.2 3.4593664e-18 1.3974715 1.2 3.4593664e-18 -5.5501559e-05 0.001
4.65 0 0 -6.0352482e-05 1 0 1.2 3.4593664e-18 1.3974667 1.2 3.4593664e-18 -6.0326482e-05 0.001
4.7 0 0 -6.5596592e-05 1 0 1.2 3.4593664e-18 1.3974615 1.2 3.4593664e-18 -6.5570592e-05 0.001
4.75 0 0 -7.1296299e-05 1 0 1.2 3.4593664e-18 1.3974558 1.2 3.4593664e-18 -7.1270299e-05 0.001
4.8 0 0 -7.7491169e-05 1 0 1.2 3.4593664e-18 1.3974496 1.2 3.4593664e-18 -7.7465169e-05 0.001
4.85 0 0 -8.4224205e-05 1 0 1.2 3.4593664e-18 1.3974428 1.2 3.4593664e-18 -8.4198205e-05 0.001
4.9 0 0 -9.154214e-05 1 0 1.2 3.4593664e-18 1.3974355 1.2 3.4593664e-18 -9.151614e-05 0.001
4.95 0 0 -9.9495764e-05 1 0 1.2 3.4593664e-18 1.3974276 1.2 3.4593664e-18 -9.9469764e-05 0.001
5 0 0 -0.00010814027 1 0 1.2 3.4593664e-18 1.3974189 1.2 3.4593664e-18 -0.00010811427 0.001
5.05 0 0 -0.00011753564 1 0 1.2 3.4593664e-18 1.3974095 1.2 3.4593664e-18 -0.00011750964 0.001
5.1 0 0 -0.00012774707 1 0 1.2 3.4593664e-18 1.3973993 1.2 3.4593664e-18 -0.00012772107 0.001
5.15 0 0 -0.00013884538 1 0 1.2 3.4593664e-18 1.3973882 1.2 3.4593664e-18 -0.00013881938 0.001
5.2 0 0 -0.00015090756 1 0 1.2 3.4593664e-18 1.3973762 1.2 3.4593664e-18 -0.00015088156 0.001
5.25 0 0 -0.00016401726 1 0 1.2 3.4593664e-18 1.397363 1.2 3.4593664e-18 -0.00016399126 0.001
5.3 0 0 -0.00017826537 1 0 1.2 3.4593664e-18 1.3973488 1.2 3.4593664e-18 -0.00017823937 0.001
5.35 0 0 -0.00019375069 1 0 1.2 3.4593664e-18 1.3973333 1.2 3.4593664e-18 -0.00019372469 0.001
5.4 0 0 -0.00021058053 1 0 1.2 3.4593664e-18 1.3973165 1.2 3.4593664e-18 -0.00021055453 0.001
5.45 0 0 -0.00022887152 1 0 1.2 3.4593664e-18 1.3972982 1.2 3.4593664e-18 -0.00022884552 0.001
5.5 0 0 -0.00024875039 1 0 1.2 3.4593664e-18 1.3972783 1.2 3.4593664e-18 -0.00024872439 0.001
5.55 0 0 -0.00027035482 1 0 1.2 3.4593664e-18 1.3972567 1.2 3.4593664e-18 -0.00027032882 0.001
5.6 0 0 -0.0002938344 1 0 1.2 3.4593664e-18 1.3972332 1.2 3.4593664e-18 -0.0002938084 0.001
5.65 0 0 -0.00031935168 1 0 1.2 3.4593664e-18 1.3972077 1.2 3.4593664e-18 -0.00031932568 0.001
5.7 0 0 -0.00034708323 1 0 1.2 3.4593664e-18 1.39718 1.2 3.4593664e-18 -0.00034705723 0.001
5.75 0 0 -0.00037722088 1 0 1.2 3.4593664e-18 1.3971498 1.2 3.4593664e-18 -0.00037719488 0.0010452024
5.8 0 0 -0.00040997304 1 0 1.2 3.4593664e-18 1.3971171 1.2 3.4593664e-18 -0.00040994704 0.0011357038
5.85 0 0 -0.00044556608 1 0 1.2 3.4593664e-18 1.3970815 1.2 3.4593664e-18 -0.00044554008 0.0012340098
5.9 0 0 -0.00048424591 1 0 1.2 3.4593664e-18 1.3970428 1.2 3.4593664e-18 -0.00048421991 0.0013407884
5.95 0 0 -0.00052627962 1 0 1.2 3.4593664e-18 1.3970008 1.2 3.4593664e-18 -0.00052625362 0.0014567627
6 0 0 -0.00057195732 1 0 1.2 3.4593664e-18 1.3969551 1.2 3.4593664e-18 -0.00057193132 0.0015827177
6.05 0 0 -0.00062159407 1 0 1.2 3.4593664e-18 1.3969055 1.2 3.4593664e-18 -0.00062156807 0.0017195021
6.1 0 0 -0.00067553202 1 0 1.2 3.4593664e-18 1.3968515 1.2 3.4593664e-18 -0.00067550602 0.0018680359
6.15 0 0 -0.00073414271 1 0 1.2 3.4593664e-18 1.3967929 1.2 3.4593664e-18 -0.00073411671 0.0020293156
6.2 0 0 -0.00079782957 1 0 1.2 3.4593664e-18 1.3967292 1.2 3.4593664e-18 -0.00079780357 0.00220442
6.25 0 0 -0.0008670306 1 0 1.2 3.4593664e-18 1.39666 1.2 3.4593664e-18 -0.0008670046 0.0023945155
6.3 0 0 -0.0009422213 1 0 1.2 3.4593664e-18 1.3965848 1.2 3.4593664e-18 -0.0009421953 0.0026008649
6.35 0 0 -0.0010239178 1 0 1.2 3.4593664e-18 1.3965031 1.2 3.4593664e-18 -0.0010238918 0.0028248315
6.4 0 0 -0.0011126804 1 0 1.2 3.4593664e-18 1.3964144 1.2 3.4593664e-18 -0.0011126544 0.0030678904
6.45 0 0 -0.001209117 1 0 1.2 3.4593664e-18 1.3963179 1.2 3.4593664e-18 -0.001209091 0.0033316345
6.5 0 0 -0.0013138874 1 0 1.2 3.4593664e-18 1.3962132 1.2 3.4593664e-18 -0.0013138614 0.0036177816
6.55 0 0 -0.0014277073 1 0 1.2 3.4593664e-18 1.3960994 1.2 3.4593664e-18 -0.0014276813 0.0039281871
6.6 0 0 -0.0015513531 1 0 1.2 3.4593664e-18 1.3959757 1.2 3.4593664e-18 -0.0015513271 0.0042648489
6.65 0 0 -0.0016856669 1 0 1.2 3.4593664e-18 1.3958414 1.2 3.4593664e-18 -0.0016856409 0.0046299207
6.7 0 0 -0.001831562 1 0 1.2 3.4593664e-18 1.3956955 1.2 3.4593664e-18 -0.001831536 0.0050257194
6.75 0 0 -0.0019900282 1 0 1.2 3.4593664e-18 1.395537 1.2 3.4593664e-18 -0.0019900022 0.0054547364
6.8 0 0 -0.0021621388 1 0 1.2 3.4593664e-18 1.3953649 1.2 3.4593664e-18 -0.0021621128 0.0059196483
6.85 0 0 -0.0023490566 1 0 1.2 3.4593664e-18 1.395178 1.2 3.4593664e-18 -0.0023490306 0.0064233276
6.9 0 0 -0.0025520414 1 0 1.2 3.4593664e-18 1.394975 1.2 3.4593664e-18 -0.0025520154 0.0069688515
6.95 0 0 -0.0027724577 1 0 1.2 3.4593664e-18 1.3947546 1.2 3.4593664e-18 -0.0027724317 0.0075595146
7 0 0 -0.0030117829 1 0 1.2 3.4593664e-18 1.3945153 1.2 3.4593664e-18 -0.0030117569 0.0081988365
7.05 0 0 -0.0032716162 1 0 1.2 3.4593664e-18 1.3942554 1.2 3.4593664e-18 -0.0032715902 0.0088905727
7.1 0 0 -0.0035536876 1 0 1.2 3.4593664e-18 1.3939734 1.2 3.4593664e-18 -0.0035536616 0.0096387232
7.15 0 0 -0.0038598684 1 0 1.2 3.4593664e-18 1.3936672 1.2 3.4593664e-18 -0.0038598424 0.010447537
7.2 0 0 -0.0041921817 1 0 1.2 3.4593664e-18 1.3933349 1.2 3.4593664e-18 -0.0041921557 0.011321521
7.25 0 0 -0.0045528133 1 0 1.2 3.4593664e-18 1.3929742 1.2 3.4593664e-18 -0.0045527873 0.012265442
7.3 0 0 -0.0049441242 1 0 1.2 3.4593664e-18 1.3925829 1.2 3.4593664e-18 -0.0049440982 0.013284323
7.35 0 0 -0.0053686625 1 0 1.2 3.4593664e-18 1.3921584 1.2 3.4593664e-18 -0.0053686365 0.014383449
7.4 0 0 -0.0058291774 1 0 1.2 3.4593664e-18 1.3916979 1.2 3.4593664e-18 -0.0058291514 0.01556835
7.45 0 0 -0.0063286322 1 0 1.2 3.4593664e-18 1.3911984 1.2 3.4593664e-18 -0.0063286062 0.016844795
7.5 0 0 -0.0068702192 1 0 1.2 3.4593664e-18 1.3906568 1.2 3.4593664e-18 -0.0068701932 0.01821877
7.55 0 0 -0.0074573748 1 0 1.2 3.4593664e-18 1.3900697 1.2 3.4593664e-18 -0.0074573488 0.019696452
7.6 0 0 -0.0080937945 1 0 1.2 3.4593664e-18 1.3894333 1.2 3.4593664e-18 -0.0080937685 0.021284174
7.65 0 0 -0.0087834488 1 0 1.2 3.4593664e-18 1.3887436 1.2 3.4593664e-18 -0.0087834228 0.022988379
7.7 0 0 -0.0095305997 1 0 1.2 3.4593664e-18 1.3879965 1.2 3.4593664e-18 -0.0095305737 0.024815562
7.75 0 0 -0.010339816 1 0 1.2 3.4593664e-18 1.3871872 1.2 3.4593664e-18 -0.01033979 0.026772197
7.8 0 0 -0.011215992 1 0 1.2 3.4593664e-18 1.3863111 1.2 3.4593664e-18 -0.011215966 0.028864646
7.85 0 0 -0.012164359 1 0 1.2 3.4593664e-18 1.3853627 1.2 3.4593664e-18 -0.012164333 0.031099057
7.9 0 0 -0.013190504 1 0 1.2 3.4593664e-18 1.3843366 1.2 3.4593664e-18 -0.013190478 0.033481231
7.95 0 0 -0.014300384 1 0 1.2 3.4593664e-18 1.3832267 1.2 3.4593664e-18 -0.014300358 0.03601647
8 0 0 -0.015500338 1 0 1.2 3.4593664e-18 1.3820267 1.2 3.4593664e-18 -0.015500312 0.038709403
8.05 0 0 -0.016797099 1 0 1.2 3.4593664e-18 1.38073 1.2 3.4593664e-18 -0.016797073 0.041563771
8.1 0 0 -0.018197804 1 0 1.2 3.4593664e-18 1.3793293 1.2 3.4593664e-18 -0.018197778 0.0445822
8.15 0 0 -0.019709999 1 0 1.2 3.4593664e-18 1.3778171 1.2 3.4593664e-18 -0.019709973 0.047765923
8.2 0 0 -0.021341643 1 0 1.2 3.4593664e-18 1.3761854 1.2 3.4593664e-18 -0.021341617 0.051114474
8.25 0 0 -0.023101107 1 0 1.2 3.4593664e-18 1.374426 1.2 3.4593664e-18 -0.023101081 0.054625354
8.3 0 0 -0.024997167 1 0 1.2 3.4593664e-18 1.3725299 1.2 3.4593664e-18 -0.024997141 0.058293653
8.35 0 0 -0.027038993 1 0 1.2 3.4593664e-18 1.3704881 1.2 3.4593664e-18 -0.027038967 0.06211164
8.4 0 0 -0.029236126 1 0 1.2 3.4593664e-18 1.3682909 1.2 3.4593664e-18 -0.0292361 0.066068328
8.45 0 0 -0.031598456 1 0 1.2 3.4593664e-18 1.3659286 1.2 3.4593664e-18 -0.03159843 0.070149014
8.5 0 0 -0.034136181 1 0 1.2 3.4593664e-18 1.3633909 1.2 3.4593664e-18 -0.034136155 0.074334797
8.55 0 0 -0.03685976 1 0 1.2 3.4593664e-18 1.3606673 1.2 3.4593664e-18 -0.036859734 0.078602103
8.6 0 0 -0.039779855 1 0 1.2 3.4593664e-18 1.3577472 1.2 3.4593664e-18 -0.039779829 0.08292221
8.65 0 0 -0.042907259 1 0 1.2 3.4593664e-18 1.3546198 1.2 3.4593664e-18 -0.042907233 0.087260808
8.7 0 0 -0.046252811 1 0 1.2 3.4593664e-18 1.3512742 1.2 3.4593664e-18 -0.046252785 0.091577614
8.75 0 0 -0.049827293 1 0 1.2 3.4593664e-18 1.3476998 1.2 3.4593664e-18 -0.049827267 0.095826064
8.8 0 0 -0.053641315 1 0 1.2 3.4593664e-18 1.3438857 1.2 3.4593664e-18 -0.053641289 0.09995312
8.85 0 0 -0.057705182 1 0 1.2 3.4593664e-18 1.3398219 1.2 3.4593664e-18 -0.057705156 0.10389923
8.9 0 0 -0.062028746 1 0 1.2 3.4593664e-18 1.3354983 1.2 3.4593664e-18 -0.06202872 0.10759844
8.95 0 0 -0.066621239 1 0 1.2 3.4593664e-18 1.3309058 1.2 3.4593664e-18 -0.066621213 0.11097882
9 0 0 -0.071491097 1 0 1.2 3.4593664e-18 1.326036 1.2 3.4593664e-18 -0.071491071 0.11396304
9.05 0 0 -0.076645763 1 0 1.2 3.4593664e-18 1.3208813 1.2 3.4593664e-18 -0.076645737 0.11646933
9.1 0 0 -0.082091486 1 0 1.2 3.4593664e-18 1.3154356 1.2 3.4593664e-18 -0.08209146 0.11841274
9.15 0 0 -0.087833105 1 0 1.2 3.4593664e-18 1.309694 1.2 3.4593664e-18 -0.087833079 0.11970676
9.2 0 0 -0.093873837 1 0 1.2 3.4593664e-18 1.3036532 1.2 3.4593664e-18 -0.093873811 0.12026525
9.25 0 0 -0.10021506 1 0 1.2 3.4593664e-18 1.297312 1.2 3.4593664e-18 -0.10021504 0.1200048
9.3 0 0 -0.10685611 1 0 1.2 3.4593664e-18 1.2906709 1.2 3.4593664e-18 -0.10685609 0.11884728
9.35 0 0 -0.11379408 1 0 1.2 3.4593664e-18 1.283733 1.2 3.4593664e-18 -0.11379405 0.11672269
9.4 0 0 -0.12102364 1 0 1.2 3.4593664e-18 1.2765034 1.2 3.4593664e-18 -0.12102361 0.11357215
9.45 0 0 -0.12853691 1 0 1.2 3.4593664e-18 1.2689902 1.2 3.4593664e-18 -0.12853688 0.10935093
9.5 0 0 -0.13632332 1 0 1.2 3.4593664e-18 1.2612037 1.2 3.4593664e-18 -0.1363233 0.10403132
9.55 0 0 -0.14436959 1 0 1.2 3.4593664e-18 1.2531575 1.2 3.4593664e-18 -0.14436956 0.097605318
9.6 0 0 -0.15265963 1 0 1.2 3.4593664e-18 1.2448674 1.2 3.4593664e-18 -0.15265961 0.090086785
9.65 0 0 -0.16117468 1 0 1.2 3.4593664e-18 1.2363524 1.2 3.4593664e-18 -0.16117465 0.081513093
9.7 0 0 -0.1698933 1 0 1.2 3.4593664e-18 1.2276338 1.2 3.4593664e-18 -0.16989327 0.071945963
9.75 0 0 -0.1787916 1 0 1.2 3.4593664e-18 1.2187355 1.2 3.4593664e-18 -0.17879157 0.061471453
9.8 0 0 -0.18784341 1 0 1.2 3.4593664e-18 1.2096837 1.2 3.4593664e-18 -0.18784338 0.050198981
9.85 0 0 -0.19702057 1 0 1.2 3.4593664e-18 1.2005065 1.2 3.4593664e-18 -0.19702055 0.038259373
9.9 0 0 -0.20629328 1 0 1.2 3.4593664e-18 1.1912338 1.2 3.4593664e-18 -0.20629326 0.025801945
9.95 0 0 -0.21563042 1 0 1.2 3.4593664e-18 1.1818966 1.2 3.4593664e-18 -0.2156304 0.012990731
10 0 0 -0.225 1 0 1.2 3.4593664e-18 1.1725271 1.2 3.4593664e-18 -0.22499997 0.001
10.05 0 0 -0.23436958 1 0 1.2 3.4593664e-18 1.1631575 1.2 3.4593664e-18 -0.23436955 0.012990731
10.1 0 0 -0.24370672 1 0 1.2 3.4593664e-18 1.1538203 1.2 3.4593664e-18 -0.24370669 0.025801945
10.15 0 0 -0.25297943 1 0 1.2 3.4593664e-18 1.1445476 1.2 3.4593664e-18 -0.2529794 0.038259373
10.2 0 0 -0.26215659 1 0 1.2 3.4593664e-18 1.1353705 1.2 3.4593664e-18 -0.26215657 0.050198981
10.25 0 0 -0.2712084 1 0 1.2 3.4593664e-18 1.1263187 1.2 3.4593664e-18 -0.27120838 0.061471452
10.3 0 0 -0.2801067 1 0 1.2 3.4593664e-18 1.1174204 1.2 3.4593664e-18 -0.28010667 0.071945963
10.35 0 0 -0.28882532 1 0 1.2 3.4593664e-18 1.1087017 1.2 3.4593664e-18 -0.28882529 0.081513093
10.4 0 0 -0.29734037 1 0 1.2 3.4593664e-18 1.1001867 1.2 3.4593664e-18 -0.29734034 0.090086785
10.45 0 0 -0.30563041 1 0 1.2 3.4593664e-18 1.0918966 1.2 3.4593664e-18 -0.30563039 0.097605317
10.5 0 0 -0.31367668 1 0 1.2 3.4593664e-18 1.0838504 1.2 3.4593664e-18 -0.31367665 0.10403132
10.55 0 0 -0.32146309 1 0 1.2 3.4593664e-18 1.076064 1.2 3.4593664e-18 -0.32146307 0.10935093
10.6 0 0 -0.32897636 1 0 1.2 3.4593664e-18 1.0685507 1.2 3.4593664e-18 -0.32897633 0.11357215
10.65 0 0 -0.33620592 1 0 1.2 3.4593664e-18 1.0613211 1.2 3.4593664e-18 -0.33620589 0.11672269
10.7 0 0 -0.34314389 1 0 1.2 3.4593664e-18 1.0543832 1.2 3.4593664e-18 -0.34314386 0.11884728
10.75 0 0 -0.34978494 1 0 1.2 3.4593664e-18 1.0477421 1.2 3.4593664e-18 -0.34978491 0.1200048
10.8 0 0 -0.35612616 1 0 1.2 3.4593664e-18 1.0414009 1.2 3.4593664e-18 -0.35612614 0.12026525
10.85 0 0 -0.3621669 1 0 1.2 3.4593664e-18 1.0353602 1.2 3.4593664e-18 -0.36216687 0.11970676
10.9 0 0 -0.36790851 1 0 1.2 3.4593664e-18 1.0296185 1.2 3.4593664e-18 -0.36790849 0.11841274
10.95 0 0 -0.37335424 1 0 1.2 3.4593664e-18 1.0241728 1.2 3.4593664e-18 -0.37335421 0.11646933
11 0 0 -0.3785089 1 0 1.2 3.4593664e-18 1.0190182 1.2 3.4593664e-18 -0.37850888 0.11396304
11.05 0 0 -0.38337876 1 0 1.2 3.4593664e-18 1.0141483 1.2 3.4593664e-18 -0.38337873 0.11097882
11.1 0 0 -0.38797125 1 0 1.2 3.4593664e-18 1.0095558 1.2 3.4593664e-18 -0.38797123 0.10759844
11.15 0 0 -0.39229482 1 0 1.2 3.4593664e-18 1.0052322 1.2 3.4593664e-18 -0.39229479 0.10389923
11.2 0 0 -0.39635869 1 0 1.2 3.4593664e-18 1.0011684 1.2 3.4593664e-18 -0.39635866 0.09995312
11.25 0 0 -0.40017271 1 0 1.2 3.4593664e-18 0.99735435 1.2 3.4593664e-18 -0.40017268 0.095826064
11.3 0 0 -0.40374719 1 0 1.2 3.4593664e-18 0.99377987 1.2 3.4593664e-18 -0.40374716 0.091577614
11.35 0 0 -0.40709274 1 0 1.2 3.4593664e-18 0.99043432 1.2 3.4593664e-18 -0.40709271 0.087260808
11.4 0 0 -0.41022015 1 0 1.2 3.4593664e-18 0.98730691 1.2 3.4593664e-18 -0.41022012 0.08292221
11.45 0 0 -0.41314024 1 0 1.2 3.4593664e-18 0.98438682 1.2 3.4593664e-18 -0.41314021 0.078602103
11.5 0 0 -0.41586382 1 0 1.2 3.4593664e-18 0.98166324 1.2 3.4593664e-18 -0.41586379 0.074334797
11.55 0 0 -0.41840154 1 0 1.2 3.4593664e-18 0.97912552 1.2 3.4593664e-18 -0.41840152 0.070149014
11.6 0 0 -0.42076387 1 0 1.2 3.4593664e-18 0.97676319 1.2 3.4593664e-18 -0.42076385 0.066068328
11.65 0 0 -0.42296101 1 0 1.2 3.4593664e-18 0.97456605 1.2 3.4593664e-18 -0.42296098 0.062111639
11.7 0 0 -0.42500283 1 0 1.2 3.4593664e-18 0.97252423 1.2 3.4593664e-18 -0.42500281 0.058293653
11.75 0 0 -0.42689889 1 0 1.2 3.4593664e-18 0.97062817 1.2 3.4593664e-18 -0.42689887 0.054625354
11.8 0 0 -0.42865836 1 0 1.2 3.4593664e-18 0.9688687 1.2 3.4593664e-18 -0.42865833 0.051114474
11.85 0 0 -0.43029 1 0 1.2 3.4593664e-18 0.96723706 1.2 3.4593664e-18 -0.43028998 0.047765922
11.9 0 0 -0.4318022 1 0 1.2 3.4593664e-18 0.96572486 1.2 3.4593664e-18 -0.43180217 0.044582201
11.95 0 0 -0.4332029 1 0 1.2 3.4593664e-18 0.96432416 1.2 3.4593664e-18 -0.43320287 0.041563771
12 0 0 -0.43449966 1 0 1.2 3.4593664e-18 0.9630274 1.2 3.4593664e-18 -0.43449964 0.038709403
12.05 0 0 -0.43569962 1 0 1.2 3.4593664e-18 0.96182744 1.2 3.4593664e-18 -0.43569959 0.03601647
12.1 0 0 -0.4368095 1 0 1.2 3.4593664e-18 0.96071756 1.2 3.4593664e-18 -0.43680947 0.033481231
12.15 0 0 -0.43783564 1 0 1.2 3.4593664e-18 0.95969142 1.2 3.4593664e-18 -0.43783562 0.031099057
12.2 0 0 -0.43878401 1 0 1.2 3.4593664e-18 0.95874305 1.2 3.4593664e-18 -0.43878398 0.028864646
12.25 0 0 -0.43966018 1 0 1.2 3.4593664e-18 0.95786688 1.2 3.4593664e-18 -0.43966016 0.026772196
12.3 0 0 -0.4404694 1 0 1.2 3.4593664e-18 0.95705766 1.2 3.4593664e-18 -0.44046937 0.024815562
12.35 0 0 -0.44121655 1 0 1.2 3.4593664e-18 0.95631051 1.2 3.4593664e-18 -0.44121653 0.022988379
12.4 0 0 -0.44190621 1 0 1.2 3.4593664e-18 0.95562085 1.2 3.4593664e-18 -0.44190618 0.021284174
12.45 0 0 -0.44254263 1 0 1.2 3.4593664e-18 0.95498443 1.2 3.4593664e-18 -0.4425426 0.019696452
12.5 0 0 -0.44312978 1 0 1.2 3.4593664e-18 0.95439728 1.2 3.4593664e-18 -0.44312975 0.01821877
12.55 0 0 -0.44367137 1 0 1.2 3.4593664e-18 0.95385569 1.2 3.4593664e-18 -0.44367134 0.016844795
12.6 0 0 -0.44417082 1 0 1.2 3.4593664e-18 0.95335624 1.2 3.4593664e-18 -0.4441708 0.01556835
12.65 0 0 -0.44463134 1 0 1.2 3.4593664e-18 0.95289572 1.2 3.4593664e-18 -0.44463131 0.014383449
12.7 0 0 -0.44505588 1 0 1.2 3.4593664e-18 0.95247118 1.2 3.4593664e-18 -0.44505585 0.013284323
12.75 0 0 -0.44544719 1 0 1.2 3.4593664e-18 0.95207987 1.2 3.4593664e-18 -0.44544716 0.012265442
12.8 0 0 -0.44580782 1 0 1.2 3.4593664e-18 0.95171924 1.2 3.4593664e-18 -0.44580779 0.011321521
12.85 0 0 -0.44614013 1 0 1.2 3.4593664e-18 0.95138693 1.2 3.4593664e-18 -0.44614011 0.010447537
12.9 0 0 -0.44644631 1 0 1.2 3.4593664e-18 0.95108075 1.2 3.4593664e-18 -0.44644629 0.0096387229
12.95 0 0 -0.44672838 1 0 1.2 3.4593664e-18 0.95079868 1.2 3.4593664e-18 -0.44672836 0.0088905729
13 0 0 -0.44698822 1 0 1.2 3.4593664e-18 0.95053884 1.2 3.4593664e-18 -0.44698819 0.0081988365
13.05 0 0 -0.44722754 1 0 1.2 3.4593664e-18 0.95029952 1.2 3.4593664e-18 -0.44722752 0.0075595143
13.1 0 0 -0.44744796 1 0 1.2 3.4593664e-18 0.9500791 1.2 3.4593664e-18 -0.44744793 0.0069688515
13.15 0 0 -0.44765094 1 0 1.2 3.4593664e-18 0.94987612 1.2 3.4593664e-18 -0.44765092 0.0064233276
13.2 0 0 -0.44783786 1 0 1.2 3.4593664e-18 0.9496892 1.2 3.4593664e-18 -0.44783784 0.0059196488
13.25 0 0 -0.44800997 1 0 1.2 3.4593664e-18 0.94951709 1.2 3.4593664e-18 -0.44800995 0.0054547364
13.3 0 0 -0.44816844 1 0 1.2 3.4593664e-18 0.94935862 1.2 3.4593664e-18 -0.44816841 0.005025719
13.35 0 0 -0.44831433 1 0 1.2 3.4593664e-18 0.94921273 1.2 3.4593664e-18 -0.44831431 0.0046299204
13.4 0 0 -0.44844865 1 0 1.2 3.4593664e-18 0.94907841 1.2 3.4593664e-18 -0.44844862 0.0042648494
13.45 0 0 -0.44857229 1 0 1.2 3.4593664e-18 0.94895477 1.2 3.4593664e-18 -0.44857227 0.0039281869
13.5 0 0 -0.44868611 1 0 1.2 3.4593664e-18 0.94884095 1.2 3.4593664e-18 -0.44868609 0.0036177816
13.55 0 0 -0.44879088 1 0 1.2 3.4593664e-18 0.94873618 1.2 3.4593664e-18 -0.44879086 0.0033316345
13.6 0 0 -0.44888732 1 0 1.2 3.4593664e-18 0.94863974 1.2 3.4593664e-18 -0.44888729 0.0030678902
13.65 0 0 -0.44897608 1 0 1.2 3.4593664e-18 0.94855098 1.2 3.4593664e-18 -0.44897606 0.002824831
13.7 0 0 -0.44905778 1 0 1.2 3.4593664e-18 0.94846928 1.2 3.4593664e-18 -0.44905775 0.0026008646
13.75 0 0 -0.44913297 1 0 1.2 3.4593664e-18 0.94839409 1.2 3.4593664e-18 -0.44913294 0.0023945155
13.8 0 0 -0.44920217 1 0 1.2 3.4593664e-18 0.94832489 1.2 3.4593664e-18 -0.44920214 0.0022044202
13.85 0 0 -0.44926586 1 0 1.2 3.4593664e-18 0.9482612 1.2 3.4593664e-18 -0.44926583 0.0020293156
13.9 0 0 -0.44932447 1 0 1.2 3.4593664e-18 0.94820259 1.2 3.4593664e-18 -0.44932444 0.0018680357
13.95 0 0 -0.44937841 1 0 1.2 3.4593664e-18 0.94814865 1.2 3.4593664e-18 -0.44937838 0.0017195021
14 0 0 -0.44942804 1 0 1.2 3.4593664e-18 0.94809902 1.2 3.4593664e-18 -0.44942802 0.0015827182
14.05 0 0 -0.44947372 1 0 1.2 3.4593664e-18 0.94805334 1.2 3.4593664e-18 -0.44947369 0.0014567634
14.1 0 0 -0.44951575 1 0 1.2 3.4593664e-18 0.94801131 1.2 3.4593664e-18 -0.44951573 0.0013407881
14.15 0 0 -0.44955443 1 0 1.2 3.4593664e-18 0.94797263 1.2 3.4593664e-18 -0.44955441 0.00123401
14.2 0 0 -0.44959003 1 0 1.2 3.4593664e-18 0.94793703 1.2 3.4593664e-18 -0.44959 0.0011357035
14.25 0 0 -0.44962278 1 0 1.2 3.4593664e-18 0.94790428 1.2 3.4593664e-18 -0.44962275 0.0010452024
14.3 0 0 -0.44965292 1 0 1.2 3.4593664e-18 0.94787414 1.2 3.4593664e-18 -0.44965289 0.001
14.35 0 0 -0.44968065 1 0 1.2 3.4593664e-18 0.94784641 1.2 3.4593664e-18 -0.44968062 0.001
14.4 0 0 -0.44970617 1 0 1.2 3.4593664e-18 0.94782089 1.2 3.4593664e-18 -0.44970614 0.001
14.45 0 0 -0.44972965 1 0 1.2 3.4593664e-18 0.94779741 1.2 3.4593664e-18 -0.44972962 0.001
14.5 0 0 -0.44975125 1 0 1.2 3.4593664e-18 0.94777581 1.2 3.4593664e-18 -0.44975122 0.001
14.55 0 0 -0.44977113 1 0 1.2 3.4593664e-18 0.94775593 1.2 3.4593664e-18 -0.4497711 0.001
14.6 0 0 -0.44978942 1 0 1.2 3.4593664e-18 0.94773764 1.2 3.4593664e-18 -0.44978939 0.001
14.65 0 0 -0.44980625 1 0 1.2 3.4593664e-18 0.94772081 1.2 3.4593664e-18 -0.44980622 0.001
14.7 0 0 -0.44982173 1 0 1.2 3.4593664e-18 0.94770532 1.2 3.4593664e-18 -0.44982171 0.001
14.75 0 0 -0.44983598 1 0 1.2 3.4593664e-18 0.94769108 1.2 3.4593664e-18 -0.44983596 0.001
14.8 0 0 -0.44984909 1 0 1.2 3.4593664e-18 0.94767797 1.2 3.4593664e-18 -0.44984907 0.001
14.85 0 0 -0.44986115 1 0 1.2 3.4593664e-18 0.9476659 1.2 3.4593664e-18 -0.44986113 0.001
14.9 0 0 -0.44987225 1 0 1.2 3.4593664e-18 0.94765481 1.2 3.4593664e-18 -0.44987223 0.001
14.95 0 0 -0.44988246 1 0 1.2 3.4593664e-18 0.9476446 1.2 3.4593664e-18 -0.44988244 0.001
15 0 0 -0.44989186 1 0 1.2 3.4593664e-18 0.9476352 1.2 3.4593664e-18 -0.44989183 0.001
15.05 0 0 -0.4499005 1 0 1.2 3.4593664e-18 0.94762656 1.2 3.4593664e-18 -0.44990048 0.001
15.1 0 0 -0.44990846 1 0 1.2 3.4593664e-18 0.9476186 1.2 3.4593664e-18 -0.44990843 0.001
15.15 0 0 -0.44991578 1 0 1.2 3.4593664e-18 0.94761128 1.2 3.4593664e-18 -0.44991575 0.001
15.2 0 0 -0.44992251 1 0 1.2 3.4593664e-18 0.94760455 1.2 3.4593664e-18 -0.44992248 0.001
15.25 0 0 -0.4499287 1 0 1.2 3.4593664e-18 0.94759836 1.2 3.4593664e-18 -0.44992868 0.001
15.3 0 0 -0.4499344 1 0 1.2 3.4593664e-18 0.94759266 1.2 3.4593664e-18 -0.44993438 0.001
15.35 0 0 -0.44993965 1 0 1.2 3.4593664e-18 0.94758741 1.2 3.4593664e-18 -0.44993962 0.001
15.4 0 0 -0.44994447 1 0 1.2 3.4593664e-18 0.94758259 1.2 3.4593664e-18 -0.44994445 0.001
15.45 0 0 -0.44994891 1 0 1.2 3.4593664e-18 0.94757815 1.2 3.4593664e-18 -0.44994889 0.001
15.5 0 0 -0.449953 1 0 1.2 3.4593664e-18 0.94757406 1.2 3.4593664e-18 -0.44995297 0.001
15.55 0 0 -0.44995675 1 0 1.2 3.4593664e-18 0.94757031 1.2 3.4593664e-18 -0.44995673 0.001
15.6 0 0 -0.44996021 1 0 1.2 3.4593664e-18 0.94756685 1.2 3.4593664e-18 -0.44996019 0.001
15.65 0 0 -0.44996339 1 0 1.2 3.4593664e-18 0.94756367 1.2 3.4593664e-18 -0.44996337 0.001
15.7 0 0 -0.44996632 1 0 1.2 3.4593664e-18 0.94756074 1.2 3.4593664e-18 -0.44996629 0.001
15.75 0 0 -0.44996901 1 0 1.2 3.4593664e-18 0.94755805 1.2 3.4593664e-18 -0.44996899 0.001
15.8 0 0 -0.44997149 1 0 1.2 3.4593664e-18 0.94755557 1.2 3.4593664e-18 -0.44997146 0.001
15.85 0 0 -0.44997377 1 0 1.2 3.4593664e-18 0.94755329 1.2 3.4593664e-18 -0.44997374 0.001
15.9 0 0 -0.44997587 1 0 1.2 3.4593664e-18 0.94755119 1.2 3.4593664e-18 -0.44997584 0.001
15.95 0 0 -0.4499778 1 0 1.2 3.4593664e-18 0.94754926 1.2 3.4593664e-18 -0.44997777 0.001
16 0 0 -0.44997957 1 0 1.2 3.4593664e-18 0.94754749 1.2 3.4593664e-18 -0.44997954 0.001
