t x y z hx hy rx ry rz dx dy rzrel acc
0 0 0 0 1 0 1.2 3.4593664e-18 1.3975271 1.2 3.4593664e-18 0 0.001
0.05 0.0013459449 0.00062191154 0 1 0 1.2013459 0.00062191154 1.3975271 1.2 3.469447e-18 0 0.0011243611
0.1 0.0026891793 0.0012430805 0 1 0 1.2026892 0.0012430805 1.3975271 1.2 3.469447e-18 0 0.0022465222
0.15 0.004026998 0.001862765 0 1 0 1.204027 0.001862765 1.3975271 1.2 3.469447e-18 0 0.0033642876
0.2 0.0053567068 0.0024802252 0 1 0 1.2053567 0.0024802252 1.3975271 1.2 3.469447e-18 0 0.004475471
0.25 0.006675628 0.0030947238 0 1 0 1.2066756 0.0030947238 1.3975271 1.2 3.469447e-18 0 0.005577899
0.3 0.0079811054 0.003705527 0 1 0 1.2079811 0.003705527 1.3975271 1.2 3.469447e-18 0 0.0066694155
0.35 0.0092705098 0.0043119053 0 1 0 1.2092705 0.0043119053 1.3975271 1.2 3.469447e-18 0 0.0077478872
0.4 0.010541245 0.0049131348 0 1 0 1.2105412 0.0049131348 1.3975271 1.2 3.469447e-18 0 0.0088112065
0.45 0.011790751 0.0055084976 0 1 0 1.2117908 0.0055084976 1.3975271 1.2 3.469447e-18 0 0.0098572967
0.5 0.013016512 0.0060972826 0 1 0 1.2130165 0.0060972826 1.3975271 1.2 3.469447e-18 0 0.010884116
0.55 0.01421606 0.0066787868 0 1 0 1.2142161 0.0066787868 1.3975271 1.2 3.469447e-18 0 0.01188966
0.6 0.015386978 0.0072523158 0 1 0 1.215387 0.0072523158 1.3975271 1.2 3.469447e-18 0 0.012871969
0.65 0.016526909 0.0078171849 0 1 0 1.2165269 0.0078171849 1.3975271 1.2 3.469447e-18 0 0.013829131
0.7 0.017633558 0.0083727194 0 1 0 1.2176336 0.0083727194 1.3975271 1.2 3.469447e-18 0 0.014759282
0.75 0.018704694 0.008918256 0 1 0 1.2187047 0.008918256 1.3975271 1.2 3.469447e-18 0 0.015660614
0.8 0.019738162 0.0094531433 0 1 0 1.2197382 0.0094531433 1.3975271 1.2 3.469447e-18 0 0.016531377
0.85 0.020731879 0.0099767426 0 1 0 1.2207319 0.0099767426 1.3975271 1.2 3.469447e-18 0 0.017369885
0.9 0.021683846 0.010488429 0 1 0 1.2216838 0.010488429 1.3975271 1.2 3.469447e-18 0 0.018174513
0.95 0.022592144 0.01098759 0 1 0 1.2225921 0.01098759 1.3975271 1.2 3.469447e-18 0 0.018943709
1 0.023454944 0.011473632 0 1 0 1.2234549 0.011473632 1.3975271 1.2 3.469447e-18 0 0.019675989
1.05 0.02427051 0.011945973 0 1 0 1.2242705 0.011945973 1.3975271 1.2 3.469447e-18 0 0.020369947
1.1 0.025037198 0.012404049 0 1 0 1.2250372 0.012404049 1.3975271 1.2 3.469447e-18 0 0.021024252
1.15 0.025753464 0.012847313 0 1 0 1.2257535 0.012847313 1.3975271 1.2 3.469447e-18 0 0.021637656
1.2 0.026417866 0.013275236 0 1 0 1.2264179 0.013275236 1.3975271 1.2 3.469447e-18 0 0.022208992
1.25 0.027029066 0.013687307 0 1 0 1.2270291 0.013687307 1.3975271 1.2 3.469447e-18 0 0.02273718
1.3 0.027585833 0.014083035 0 1 0 1.2275858 0.014083035 1.3975271 1.2 3.469447e-18 0 0.023221228
1.35 0.028087046 0.014461945 0 1 0 1.228087 0.014461945 1.3975271 1.2 3.469447e-18 0 0.023660233
1.4 0.028531695 0.014823587 0 1 0 1.2285317 0.014823587 1.3975271 1.2 3.469447e-18 0 0.024053384
1.45 0.028918886 0.015167527 0 1 0 1.2289189 0.015167527 1.3975271 1.2 3.469447e-18 0 0.024399967
1.5 0.029247837 0.015493356 0 1 0 1.2292478 0.015493356 1.3975271 1.2 3.469447e-18 0 0.02469936
1.55 0.029517888 0.015800685 0 1 0 1.2295179 0.015800685 1.3975271 1.2 3.469447e-18 0 0.024951039
1.6 0.029728493 0.016089146 0 1 0 1.2297285 0.016089146 1.3975271 1.2 3.469447e-18 0 0.025154581
1.65 0.029879229 0.016358394 0 1 0 1.2298792 0.016358394 1.3975271 1.2 3.469447e-18 0 0.02530966
1.7 0.029969792 0.016608109 0 1 0 1.2299698 0.016608109 1.3975271 1.2 3.469447e-18 0 0.025416051
1.75 0.03 0.016837993 0 1 0 1.23 0.016837993 1.3975271 1.2 3.469447e-18 0 0.025473635
1.8 0.029969792 0.017047769 0 1 0 1.2299698 0.017047769 1.3975271 1.2 3.469447e-18 0 0.02548239
1.85 0.029879229 0.01723719 0 1 0 1.2298792 0.01723719 1.3975271 1.2 3.469447e-18 0 0.025442401
1.9 0.029728493 0.017406027 0 1 0 1.2297285 0.017406027 1.3975271 1.2 3.469447e-18 0 0.025353857
1.95 0.029517888 0.017554079 0 1 0 1.2295179 0.017554079 1.3975271 1.2 3.469447e-18 0 0.02521705
2 0.029247837 0.017681171 0 1 0 1.2292478 0.017681171 1.3975271 1.2 3.469447e-18 0 0.025032381
2.05 0.028918886 0.017787149 0 1 0 1.2289189 0.017787149 1.3975271 1.2 3.469447e-18 0 0.024800352
2.1 0.028531695 0.017871887 0 1 0 1.2285317 0.017871887 1.3975271 1.2 3.469447e-18 0 0.024521575
2.15 0.028087046 0.017935284 0 1 0 1.228087 0.017935284 1.3975271 1.2 3.469447e-18 0 0.02419677
2.2 0.027585833 0.017977265 0 1 0 1.2275858 0.017977265 1.3975271 1.2 3.469447e-18 0 0.023826761
2.25 0.027029066 0.017997779 0 1 0 1.2270291 0.017997779 1.3975271 1.2 3.469447e-18 0 0.023412487
2.3 0.026417866 0.017996802 0 1 0 1.2264179 0.017996802 1.3975271 1.2 3.469447e-18 0 0.022954994
2.35 0.025753464 0.017974335 0 1 0 1.2257535 0.017974335 1.3975271 1.2 3.469447e-18 0 0.022455444
2.4 0.025037198 0.017930405 0 1 0 1.2250372 0.017930405 1.3975271 1.2 3.469447e-18 0 0.021915113
2.45 0.02427051 0.017865064 0 1 0 1.2242705 0.017865064 1.3975271 1.2 3.469447e-18 0 0.021335399
2.5 0.023454944 0.01777839 0 1 0 1.2234549 0.01777839 1.3975271 1.2 3.469447e-18 0 0.020717826
2.55 0.022592144 0.017670487 0 1 0 1.2225921 0.017670487 1.3975271 1.2 3.469447e-18 0 0.020064052
2.6 0.021683846 0.017541484 0 1 0 1.2216838 0.017541484 1.3975271 1.2 3.469447e-18 0 0.019375878
2.65 0.020731879 0.017391534 0 1 0 1.2207319 0.017391534 1.3975271 1.2 3.469447e-18 0 0.018655263
2.7 0.019738162 0.017220817 0 1 0 1.2197382 0.017220817 1.3975271 1.2 3.469447e-18 0 0.017904342
2.75 0.018704694 0.017029536 0 1 0 1.2187047 0.017029536 1.3975271 1.2 3.469447e-18 0 0.017125455
2.8 0.017633558 0.016817921 0 1 0 1.2176336 0.016817921 1.3975271 1.2 3.469447e-18 0 0.016321177
2.85 0.016526909 0.016586223 0 1 0 1.2165269 0.016586223 1.3975271 1.2 3.469447e-18 0 0.015494371
2.9 0.015386978 0.01633472 0 1 0 1.215387 0.01633472 1.3975271 1.2 3.469447e-18 0 0.014648253
2.95 0.01421606 0.016063711 0 1 0 1.2142161 0.016063711 1.3975271 1.2 3.469447e-18 0 0.013786493
3 0.013016512 0.01577352 0 1 0 1.2130165 0.01577352 1.3975271 1.2 3.469447e-18 0 0.012913344
3.05 0.011790751 0.015464494 0 1 0 1.2117908 0.015464494 1.3975271 1.2 3.469447e-18 0 0.012033839
3.1 0.010541245 0.015137002 0 1 0 1.2105412 0.015137002 1.3975271 1.2 3.469447e-18 0 0.011154072
3.15 0.0092705098 0.014791435 0 1 0 1.2092705 0.014791435 1.3975271 1.2 3.469447e-18 0 0.010281603
3.2 0.0079811054 0.014428206 0 1 0 1.2079811 0.014428206 1.3975271 1.2 3.469447e-18 0 0.0094260389
3.25 0.006675628 0.014047747 0 1 0 1.2066756 0.014047747 1.3975271 1.2 3.469447e-18 0 0.0085998668
3.3 0.0053567068 0.013650514 0 1 0 1.2053567 0.013650514 1.3975271 1.2 3.469447e-18 0 0.0078195686
3.35 0.004026998 0.013236981 0 1 0 1.204027 0.013236981 1.3975271 1.2 3.469447e-18 0 0.0071069669
3.4 0.0026891793 0.012807642 0 1 0 1.2026892 0.012807642 1.3975271 1.2 3.469447e-18 0 0.0064903781
3.45 0.0013459449 0.012363009 0 1 0 1.2013459 0.012363009 1.3975271 1.2 3.469447e-18 0 0.0060044056
3.5 3.6739404e-18 0.011903614 0 1 0 1.2 0.011903614 1.3975271 1.2 3.469447e-18 0 0.0056862233
3.55 -0.0013459449 0.011430004 0 1 0 1.1986541 0.011430004 1.3975271 1.2 3.469447e-18 0 0.00556663
3.6 -0.0026891793 0.010942745 0 1 0 1.1973108 0.010942745 1.3975271 1.2 3.469447e-18 0 0.0056584593
3.65 -0.004026998 0.01044242 0 1 0 1.195973 0.01044242 1.3975271 1.2 3.469447e-18 0 0.0059505514
3.7 -0.0053567068 0.0099296257 0 1 0 1.1946433 0.0099296257 1.3975271 1.2 3.469447e-18 0 0.0064128597
3.75 -0.006675628 0.0094049742 0 1 0 1.1933244 0.0094049742 1.3975271 1.2 3.469447e-18 0 0.0070079566
3.8 -0.0079811054 0.0088690921 0 1 0 1.1920189 0.0088690921 1.3975271 1.2 3.469447e-18 0 0.0077004694
3.85 -0.0092705098 0.0083226195 0 1 0 1.1907295 0.0083226195 1.3975271 1.2 3.469447e-18 0 0.0084612507
3.9 -0.010541245 0.0077662088 0 1 0 1.1894588 0.0077662088 1.3975271 1.2 3.469447e-18 0 0.0092677956
3.95 -0.011790751 0.0072005245 0 1 0 1.1882092 0.0072005245 1.3975271 1.2 3.469447e-18 0 0.010103129
4 -0.013016512 0.0066262419 0 1 0 1.1869835 0.0066262419 1.3975271 1.2 3.469447e-18 0 0.010954438
4.05 -0.01421606 0.006044047 0 1 0 1.1857839 0.006044047 1.3975271 1.2 3.469447e-18 0 0.011811911
4.1 -0.015386978 0.0054546349 0 1 0 1.184613 0.0054546349 1.3975271 1.2 3.469447e-18 0 0.012667877
4.15 -0.016526909 0.0048587093 0 1 0 1.1834731 0.0048587093 1.3975271 1.2 3.469447e-18 0 0.013516196
4.2 -0.017633558 0.0042569819 0 1 0 1.1823664 0.0042569819 1.3975271 1.2 3.469447e-18 0 0.014351834
4.25 -0.018704694 0.0036501713 0 1 0 1.1812953 0.0036501713 1.3975271 1.2 3.469447e-18 0 0.015170571
4.3 -0.019738162 0.003039002 0 1 0 1.1802618 0.003039002 1.3975271 1.2 3.469447e-18 0 0.015968803
4.35 -0.020731879 0.0024242038 0 1 0 1.1792681 0.0024242038 1.3975271 1.2 3.469447e-18 0 0.016743394
4.4 -0.021683846 0.0018065109 0 1 0 1.1783162 0.0018065109 1.3975271 1.2 3.469447e-18 0 0.017491583
4.45 -0.022592144 0.0011866608 0 1 0 1.1774079 0.0011866608 1.3975271 1.2 3.469447e-18 0 0.018210907
4.5 -0.023454944 0.00056539366 0 1 0 1.1765451 0.00056539366 1.3975271 1.2 3.469447e-18 0 0.018899155
4.55 -0.02427051 -5.6548575e-05 0 1 0 1.1757295 -5.6548575e-05 1.3975271 1.2 3.4626707e-18 0 0.01955433
4.6 -0.025037198 -0.00067842329 0 1 0 1.1749628 -0.00067842329 1.3975271 1.2 3.469447e-18 0 0.020174621
4.65 -0.025753464 -0.0012994879 0 1 0 1.1742465 -0.0012994879 1.3975271 1.2 3.469447e-18 0 0.020758384
4.7 -0.026417866 -0.0019190008 0 1 0 1.1735821 -0.0019190008 1.3975271 1.2 3.469447e-18 0 0.021304128
4.75 -0.027029066 -0.0025362222 0 1 0 1.1729709 -0.0025362222 1.3975271 1.2 3.469447e-18 0 0.021810505
4.8 -0.027585833 -0.0031504151 0 1 0 1.1724142 -0.0031504151 1.3975271 1.2 3.469447e-18 0 0.022276299
4.85 -0.028087046 -0.003760846 0 1 0 1.171913 -0.003760846 1.3975271 1.2 3.469447e-18 0 0.022700426
4.9 -0.028531695 -0.0043667862 0 1 0 1.1714683 -0.0043667862 1.3975271 1.2 3.469447e-18 0 0.023081922
4.95 -0.028918886 -0.0049675119 0 1 0 1.1710811 -0.0049675119 1.3975271 1.2 3.469447e-18 0 0.023419947
5 -0.029247837 -0.0055623059 0 1 0 1.1707522 -0.0055623059 1.3975271 1.2 3.469447e-18 0 0.023713781
5.05 -0.029517888 -0.0061504579 0 1 0 1.1704821 -0.0061504579 1.3975271 1.2 3.469447e-18 0 0.023962821
5.1 -0.029728493 -0.0067312657 0 1 0 1.1702715 -0.0067312657 1.3975271 1.2 3.469447e-18 0 0.024166579
5.15 -0.029879229 -0.0073040356 0 1 0 1.1701208 -0.0073040356 1.3975271 1.2 3.469447e-18 0 0.024324685
5.2 -0.029969792 -0.0078680838 0 1 0 1.1700302 -0.0078680838 1.3975271 1.2 3.469447e-18 0 0.024436886
5.25 -0.03 -0.0084227367 0 1 0 1.17 -0.0084227367 1.3975271 1.2 3.469447e-18 0 0.024503044
5.3 -0.029969792 -0.0089673319 0 1 0 1.1700302 -0.0089673319 1.3975271 1.2 3.469447e-18 0 0.024523138
5.35 -0.029879229 -0.0095012192 0 1 0 1.1701208 -0.0095012192 1.3975271 1.2 3.469447e-18 0 0.024497264
5.4 -0.029728493 -0.010023761 0 1 0 1.1702715 -0.010023761 1.3975271 1.2 3.469447e-18 0 0.024425635
5.45 -0.029517888 -0.010534334 0 1 0 1.1704821 -0.010534334 1.3975271 1.2 3.469447e-18 0 0.024308584
5.5 -0.029247837 -0.011032327 0 1 0 1.1707522 -0.011032327 1.3975271 1.2 3.469447e-18 0 0.024146565
5.55 -0.028918886 -0.011517147 0 1 0 1.1710811 -0.011517147 1.3975271 1.2 3.469447e-18 0 0.023940152
5.6 -0.028531695 -0.011988214 0 1 0 1.1714683 -0.011988214 1.3975271 1.2 3.469447e-18 0 0.023690045
5.65 -0.028087046 -0.012444965 0 1 0 1.171913 -0.012444965 1.3975271 1.2 3.469447e-18 0 0.023397068
5.7 -0.027585833 -0.012886857 0 1 0 1.1724142 -0.012886857 1.3975271 1.2 3.469447e-18 0 0.023062175
5.75 -0.027029066 -0.01331336 0 1 0 1.1729709 -0.01331336 1.3975271 1.2 3.469447e-18 0 0.022686459
5.8 -0.026417866 -0.013723965 0 1 0 1.1735821 -0.013723965 1.3975271 1.2 3.469447e-18 0 0.022271145
5.85 -0.025753464 -0.014118183 0 1 0 1.1742465 -0.014118183 1.3975271 1.2 3.469447e-18 0 0.021817608
5.9 -0.025037198 -0.014495542 0 1 0 1.1749628 -0.014495542 1.3975271 1.2 3.469447e-18 0 0.021327378
5.95 -0.02427051 -0.014855592 0 1 0 1.1757295 -0.014855592 1.3975271 1.2 3.469447e-18 0 0.020802146
6 -0.023454944 -0.015197903 0 1 0 1.1765451 -0.015197903 1.3975271 1.2 3.469447e-18 0 0.020243784
6.05 -0.022592144 -0.015522066 0 1 0 1.1774079 -0.015522066 1.3975271 1.2 3.469447e-18 0 0.019654359
6.1 -0.021683846 -0.015827694 0 1 0 1.1783162 -0.015827694 1.3975271 1.2 3.469447e-18 0 0.019036154
6.15 -0.020731879 -0.016114422 0 1 0 1.1792681 -0.016114422 1.3975271 1.2 3.469447e-18 0 0.018391697
6.2 -0.019738162 -0.016381907 0 1 0 1.1802618 -0.016381907 1.3975271 1.2 3.469447e-18 0 0.017723797
6.25 -0.018704694 -0.016629832 0 1 0 1.1812953 -0.016629832 1.3975271 1.2 3.469447e-18 0 0.017035587
6.3 -0.017633558 -0.016857898 0 1 0 1.1823664 -0.016857898 1.3975271 1.2 3.469447e-18 0 0.016330586
6.35 -0.016526909 -0.017065834 0 1 0 1.1834731 -0.017065834 1.3975271 1.2 3.469447e-18 0 0.015612765
6.4 -0.015386978 -0.017253392 0 1 0 1.184613 -0.017253392 1.3975271 1.2 3.469447e-18 0 0.01488665
6.45 -0.01421606 -0.017420348 0 1 0 1.1857839 -0.017420348 1.3975271 1.2 3.469447e-18 0 0.014157434
6.5 -0.013016512 -0.017566502 0 1 0 1.1869835 -0.017566502 1.3975271 1.2 3.469447e-18 0 0.01343112
6.55 -0.011790751 -0.017691679 0 1 0 1.1882092 -0.017691679 1.3975271 1.2 3.469447e-18 0 0.012714704
6.6 -0.010541245 -0.017795731 0 1 0 1.1894588 -0.017795731 1.3975271 1.2 3.469447e-18 0 0.012016371
6.65 -0.0092705098 -0.017878533 0 1 0 1.1907295 -0.017878533 1.3975271 1.2 3.469447e-18 0 0.011345713
6.7 -0.0079811054 -0.017939987 0 1 0 1.1920189 -0.017939987 1.3975271 1.2 3.469447e-18 0 0.010713925
6.75 -0.006675628 -0.017980018 0 1 0 1.1933244 -0.017980018 1.3975271 1.2 3.469447e-18 0 0.010133901
6.8 -0.0053567068 -0.017998579 0 1 0 1.1946433 -0.017998579 1.3975271 1.2 3.469447e-18 0 0.0096201319
6.85 -0.004026998 -0.017995648 0 1 0 1.195973 -0.017995648 1.3975271 1.2 3.469447e-18 0 0.0091882186
6.9 -0.0026891793 -0.017971228 0 1 0 1.1973108 -0.017971228 1.3975271 1.2 3.469447e-18 0 0.0088538442
6.95 -0.0013459449 -0.017925349 0 1 0 1.1986541 -0.017925349 1.3975271 1.2 3.469447e-18 0 0.0086311314
7 -7.3478808e-18 -0.017858065 0 1 0 1.2 -0.017858065 1.3975271 1.2 3.469447e-18 0 0.0085305981
7.05 0.0013459449 -0.017769456 0 1 0 1.2013459 -0.017769456 1.3975271 1.2 3.469447e-18 0 0.0085572585
7.1 0.0026891793 -0.017659629 0 1 0 1.2026892 -0.017659629 1.3975271 1.2 3.469447e-18 0 0.0087095987
7.15 0.004026998 -0.017528715 0 1 0 1.204027 -0.017528715 1.3975271 1.2 3.469447e-18 0 0.0089798843
7.2 0.0053567068 -0.017376869 0 1 0 1.2053567 -0.017376869 1.3975271 1.2 3.469447e-18 0 0.00935566
7.25 0.006675628 -0.017204274 0 1 0 1.2066756 -0.017204274 1.3975271 1.2 3.469447e-18 0 0.0098218037
7.3 0.0079811054 -0.017011135 0 1 0 1.2079811 -0.017011135 1.3975271 1.2 3.469447e-18 0 0.010362444
7.35 0.0092705098 -0.016797683 0 1 0 1.2092705 -0.016797683 1.3975271 1.2 3.469447e-18 0 0.010962336
7.4 0.010541245 -0.016564173 0 1 0 1.2105412 -0.016564173 1.3975271 1.2 3.469447e-18 0 0.011607634
7.45 0.011790751 -0.016310884 0 1 0 1.2117908 -0.016310884 1.3975271 1.2 3.469447e-18 0 0.012286179
7.5 0.013016512 -0.016038117 0 1 0 1.2130165 -0.016038117 1.3975271 1.2 3.469447e-18 0 0.0129875
7.55 0.01421606 -0.0157462 0 1 0 1.2142161 -0.0157462 1.3975271 1.2 3.469447e-18 0 0.013702653
7.6 0.015386978 -0.01543548 0 1 0 1.215387 -0.01543548 1.3975271 1.2 3.469447e-18 0 0.014424017
7.65 0.016526909 -0.015106328 0 1 0 1.2165269 -0.015106328 1.3975271 1.2 3.469447e-18 0 0.015145072
7.7 0.017633558 -0.014759138 0 1 0 1.2176336 -0.014759138 1.3975271 1.2 3.469447e-18 0 0.015860213
7.75 0.018704694 -0.014394324 0 1 0 1.2187047 -0.014394324 1.3975271 1.2 3.469447e-18 0 0.016564583
7.8 0.019738162 -0.014012321 0 1 0 1.2197382 -0.014012321 1.3975271 1.2 3.469447e-18 0 0.017253944
7.85 0.020731879 -0.013613587 0 1 0 1.2207319 -0.013613587 1.3975271 1.2 3.469447e-18 0 0.017924565
7.9 0.021683846 -0.013198596 0 1 0 1.2216838 -0.013198596 1.3975271 1.2 3.469447e-18 0 0.018573141
7.95 0.022592144 -0.012767845 0 1 0 1.2225921 -0.012767845 1.3975271 1.2 3.469447e-18 0 0.019196726
8 0.023454944 -0.012321848 0 1 0 1.2234549 -0.012321848 1.3975271 1.2 3.469447e-18 0 0.019792681
8.05 0.02427051 -0.011861137 0 1 0 1.2242705 -0.011861137 1.3975271 1.2 3.469447e-18 0 0.020358632
8.1 0.025037198 -0.011386263 0 1 0 1.2250372 -0.011386263 1.3975271 1.2 3.469447e-18 0 0.020892439
8.15 0.025753464 -0.010897792 0 1 0 1.2257535 -0.010897792 1.3975271 1.2 3.469447e-18 0 0.021392172
8.2 0.026417866 -0.010396309 0 1 0 1.2264179 -0.010396309 1.3975271 1.2 3.469447e-18 0 0.021856091
8.25 0.027029066 -0.0098824107 0 1 0 1.2270291 -0.0098824107 1.3975271 1.2 3.469447e-18 0 0.022282628
8.3 0.027585833 -0.0093567122 0 1 0 1.2275858 -0.0093567122 1.3975271 1.2 3.469447e-18 0 0.022670378
8.35 0.028087046 -0.0088198407 0 1 0 1.228087 -0.0088198407 1.3975271 1.2 3.469447e-18 0 0.023018089
8.4 0.028531695 -0.0082724375 0 1 0 1.2285317 -0.0082724375 1.3975271 1.2 3.469447e-18 0 0.023324652
8.45 0.028918886 -0.0077151561 0 1 0 1.2289189 -0.0077151561 1.3975271 1.2 3.469447e-18 0 0.0235891
8.5 0.029247837 -0.007148662 0 1 0 1.2292478 -0.007148662 1.3975271 1.2 3.469447e-18 0 0.023810599
8.55 0.029517888 -0.0065736317 0 1 0 1.2295179 -0.0065736317 1.3975271 1.2 3.469447e-18 0 0.023988444
8.6 0.029728493 -0.0059907518 0 1 0 1.2297285 -0.0059907518 1.3975271 1.2 3.469447e-18 0 0.024122061
8.65 0.029879229 -0.0054007183 0 1 0 1.2298792 -0.0054007183 1.3975271 1.2 3.469447e-18 0 0.024210999
8.7 0.029969792 -0.0048042358 0 1 0 1.2299698 -0.0048042358 1.3975271 1.2 3.469447e-18 0 0.024254934
8.75 0.03 -0.0042020165 0 1 0 1.23 -0.0042020165 1.3975271 1.2 3.469447e-18 0 0.024253662
8.8 0.029969792 -0.0035947796 0 1 0 1.2299698 -0.0035947796 1.3975271 1.2 3.469447e-18 0 0.024207103
8.85 0.029879229 -0.0029832502 0 1 0 1.2298792 -0.0029832502 1.3975271 1.2 3.469447e-18 0 0.024115298
8.9 0.029728493 -0.0023681585 0 1 0 1.2297285 -0.0023681585 1.3975271 1.2 3.469447e-18 0 0.023978409
8.95 0.029517888 -0.0017502389 0 1 0 1.2295179 -0.0017502389 1.3975271 1.2 3.469447e-18 0 0.023796721
9 0.029247837 -0.0011302294 0 1 0 1.2292478 -0.0011302294 1.3975271 1.2 3.469447e-18 0 0.023570639
9.05 0.028918886 -0.0005088702 0 1 0 1.2289189 -0.0005088702 1.3975271 1.2 3.469447e-18 0 0.023300692
9.1 0.028531695 0.00011309659 0 1 0 1.2285317 0.00011309659 1.3975271 1.2 3.4558944e-18 0 0.022987535
9.15 0.028087046 0.00073492834 0 1 0 1.228087 0.00073492834 1.3975271 1.2 3.469447e-18 0 0.022631949
9.2 0.027585833 0.0013558825 0 1 0 1.2275858 0.0013558825 1.3975271 1.2 3.469447e-18 0 0.022234843
9.25 0.027029066 0.0019752176 0 1 0 1.2270291 0.0019752176 1.3975271 1.2 3.469447e-18 0 0.021797261
9.3 0.026417866 0.0025921941 0 1 0 1.2264179 0.0025921941 1.3975271 1.2 3.469447e-18 0 0.021320386
9.35 0.025753464 0.0032060752 0 1 0 1.2257535 0.0032060752 1.3975271 1.2 3.469447e-18 0 0.020805545
9.4 0.025037198 0.003816128 0 1 0 1.2250372 0.003816128 1.3975271 1.2 3.469447e-18 0 0.020254218
9.45 0.02427051 0.0044216239 0 1 0 1.2242705 0.0044216239 1.3975271 1.2 3.469447e-18 0 0.019668053
9.5 0.023454944 0.0050218399 0 1 0 1.2234549 0.0050218399 1.3975271 1.2 3.469447e-18 0 0.019048877
9.55 0.022592144 0.0056160593 0 1 0 1.2225921 0.0056160593 1.3975271 1.2 3.469447e-18 0 0.018398718
9.6 0.021683846 0.0062035726 0 1 0 1.2216838 0.0062035726 1.3975271 1.2 3.469447e-18 0 0.01771983
9.65 0.020731879 0.0067836782 0 1 0 1.2207319 0.0067836782 1.3975271 1.2 3.469447e-18 0 0.017014729
9.7 0.019738162 0.0073556833 0 1 0 1.2197382 0.0073556833 1.3975271 1.2 3.469447e-18 0 0.016286237
9.75 0.018704694 0.0079189051 0 1 0 1.2187047 0.0079189051 1.3975271 1.2 3.469447e-18 0 0.015537545
9.8 0.017633558 0.0084726708 0 1 0 1.2176336 0.0084726708 1.3975271 1.2 3.469447e-18 0 0.014772292
9.85 0.016526909 0.0090163193 0 1 0 1.2165269 0.0090163193 1.3975271 1.2 3.469447e-18 0 0.013994676
9.9 0.015386978 0.0095492013 0 1 0 1.215387 0.0095492013 1.3975271 1.2 3.469447e-18 0 0.013209602
9.95 0.01421606 0.010070681 0 1 0 1.2142161 0.010070681 1.3975271 1.2 3.469447e-18 0 0.012422876
10 0.013016512 0.010580135 0 1 0 1.2130165 0.010580135 1.3975271 1.2 3.469447e-18 0 0.011641467
10.05 0.011790751 0.011076955 0 1 0 1.2117908 0.011076955 1.3975271 1.2 3.469447e-18 0 0.010873848
10.1 0.010541245 0.011560548 0 1 0 1.2105412 0.011560548 1.3975271 1.2 3.469447e-18 0 0.010130423
10.15 0.0092705098 0.012030336 0 1 0 1.2092705 0.012030336 1.3975271 1.2 3.469447e-18 0 0.0094240336
10.2 0.0079811054 0.01248576 0 1 0 1.2079811 0.01248576 1.3975271 1.2 3.469447e-18 0 0.0087704536
10.25 0.006675628 0.012926273 0 1 0 1.2066756 0.012926273 1.3975271 1.2 3.469447e-18 0 0.0081887064
10.3 0.0053567068 0.013351352 0 1 0 1.2053567 0.013351352 1.3975271 1.2 3.469447e-18 0 0.0077008034
10.35 0.004026998 0.013760488 0 1 0 1.204027 0.013760488 1.3975271 1.2 3.469447e-18 0 0.0073303489
10.4 0.0026891793 0.014153192 0 1 0 1.2026892 0.014153192 1.3975271 1.2 3.469447e-18 0 0.0070995046
10.45 0.0013459449 0.014528996 0 1 0 1.2013459 0.014528996 1.3975271 1.2 3.469447e-18 0 0.0070245452
10.5 1.1021821e-17 0.01488745 0 1 0 1.2 0.01488745 1.3975271 1.2 3.469447e-18 0 0.0071115688
10.55 -0.0013459449 0.015228128 0 1 0 1.1986541 0.015228128 1.3975271 1.2 3.469447e-18 0 0.0073546903
10.6 -0.0026891793 0.015550622 0 1 0 1.1973108 0.015550622 1.3975271 1.2 3.469447e-18 0 0.0077378784
10.65 -0.004026998 0.015854546 0 1 0 1.195973 0.015854546 1.3975271 1.2 3.469447e-18 0 0.0082392444
10.7 -0.0053567068 0.016139539 0 1 0 1.1946433 0.016139539 1.3975271 1.2 3.469447e-18 0 0.0088354554
10.75 -0.006675628 0.016405259 0 1 0 1.1933244 0.016405259 1.3975271 1.2 3.469447e-18 0 0.0095047348
10.8 -0.0079811054 0.01665139 0 1 0 1.1920189 0.01665139 1.3975271 1.2 3.469447e-18 0 0.010228241
10.85 -0.0092705098 0.016877637 0 1 0 1.1907295 0.016877637 1.3975271 1.2 3.469447e-18 0 0.010990323
10.9 -0.010541245 0.017083731 0 1 0 1.1894588 0.017083731 1.3975271 1.2 3.469447e-18 0 0.011778214
10.95 -0.011790751 0.017269424 0 1 0 1.1882092 0.017269424 1.3975271 1.2 3.469447e-18 0 0.012581538
11 -0.013016512 0.017434497 0 1 0 1.1869835 0.017434497 1.3975271 1.2 3.469447e-18 0 0.013391815
11.05 -0.01421606 0.017578751 0 1 0 1.1857839 0.017578751 1.3975271 1.2 3.469447e-18 0 0.014202042
11.1 -0.015386978 0.017702014 0 1 0 1.184613 0.017702014 1.3975271 1.2 3.469447e-18 0 0.015006356
11.15 -0.016526909 0.017804139 0 1 0 1.1834731 0.017804139 1.3975271 1.2 3.469447e-18 0 0.015799779
11.2 -0.017633558 0.017885004 0 1 0 1.1823664 0.017885004 1.3975271 1.2 3.469447e-18 0 0.016578021
11.25 -0.018704694 0.017944512 0 1 0 1.1812953 0.017944512 1.3975271 1.2 3.469447e-18 0 0.017337338
11.3 -0.019738162 0.017982593 0 1 0 1.1802618 0.017982593 1.3975271 1.2 3.469447e-18 0 0.018074423
11.35 -0.020731879 0.017999201 0 1 0 1.1792681 0.017999201 1.3975271 1.2 3.469447e-18 0 0.018786329
11.4 -0.021683846 0.017994315 0 1 0 1.1783162 0.017994315 1.3975271 1.2 3.469447e-18 0 0.019470402
11.45 -0.022592144 0.017967943 0 1 0 1.1774079 0.017967943 1.3975271 1.2 3.469447e-18 0 0.020124243
11.5 -0.023454944 0.017920115 0 1 0 1.1765451 0.017920115 1.3975271 1.2 3.469447e-18 0 0.020745669
11.55 -0.02427051 0.017850889 0 1 0 1.1757295 0.017850889 1.3975271 1.2 3.469447e-18 0 0.021332691
11.6 -0.025037198 0.017760347 0 1 0 1.1749628 0.017760347 1.3975271 1.2 3.469447e-18 0 0.021883491
11.65 -0.025753464 0.017648597 0 1 0 1.1742465 0.017648597 1.3975271 1.2 3.469447e-18 0 0.022396409
11.7 -0.026417866 0.017515773 0 1 0 1.1735821 0.017515773 1.3975271 1.2 3.469447e-18 0 0.022869931
11.75 -0.027029066 0.017362034 0 1 0 1.1729709 0.017362034 1.3975271 1.2 3.469447e-18 0 0.023302681
11.8 -0.027585833 0.017187562 0 1 0 1.1724142 0.017187562 1.3975271 1.2 3.469447e-18 0 0.023693414
11.85 -0.028087046 0.016992566 0 1 0 1.171913 0.016992566 1.3975271 1.2 3.469447e-18 0 0.02404101
11.9 -0.028531695 0.01677728 0 1 0 1.1714683 0.01677728 1.3975271 1.2 3.469447e-18 0 0.024344469
11.95 -0.028918886 0.01654196 0 1 0 1.1710811 0.01654196 1.3975271 1.2 3.469447e-18 0 0.024602913
12 -0.029247837 0.016286887 0 1 0 1.1707522 0.016286887 1.3975271 1.2 3.469447e-18 0 0.024815578
12.05 -0.029517888 0.016012366 0 1 0 1.1704821 0.016012366 1.3975271 1.2 3.469447e-18 0 0.024981814
12.1 -0.029728493 0.015718724 0 1 0 1.1702715 0.015718724 1.3975271 1.2 3.469447e-18 0 0.025101083
12.15 -0.029879229 0.015406313 0 1 0 1.1701208 0.015406313 1.3975271 1.2 3.469447e-18 0 0.02517296
12.2 -0.029969792 0.015075505 0 1 0 1.1700302 0.015075505 1.3975271 1.2 3.469447e-18 0 0.025197128
12.25 -0.03 0.014726695 0 1 0 1.17 0.014726695 1.3975271 1.2 3.469447e-18 0 0.025173382
12.3 -0.029969792 0.0143603 0 1 0 1.1700302 0.0143603 1.3975271 1.2 3.469447e-18 0 0.02510162
12.35 -0.029879229 0.013976757 0 1 0 1.1701208 0.013976757 1.3975271 1.2 3.469447e-18 0 0.024981853
12.4 -0.029728493 0.013576525 0 1 0 1.1702715 0.013576525 1.3975271 1.2 3.469447e-18 0 0.024814194
12.45 -0.029517888 0.013160081 0 1 0 1.1704821 0.013160081 1.3975271 1.2 3.469447e-18 0 0.024598862
12.5 -0.029247837 0.012727922 0 1 0 1.1707522 0.012727922 1.3975271 1.2 3.469447e-18 0 0.024336182
12.55 -0.028918886 0.012280565 0 1 0 1.1710811 0.012280565 1.3975271 1.2 3.469447e-18 0 0.024026579
12.6 -0.028531695 0.011818544 0 1 0 1.1714683 0.011818544 1.3975271 1.2 3.469447e-18 0 0.023670583
12.65 -0.028087046 0.01134241 0 1 0 1.171913 0.01134241 1.3975271 1.2 3.469447e-18 0 0.023268823
12.7 -0.027585833 0.010852732 0 1 0 1.1724142 0.010852732 1.3975271 1.2 3.469447e-18 0 0.022822028
12.75 -0.027029066 0.010350095 0 1 0 1.1729709 0.010350095 1.3975271 1.2 3.469447e-18 0 0.022331026
12.8 -0.026417866 0.0098350982 0 1 0 1.1735821 0.0098350982 1.3975271 1.2 3.469447e-18 0 0.02179674
12.85 -0.025753464 0.0093083578 0 1 0 1.1742465 0.0093083578 1.3975271 1.2 3.469447e-18 0 0.021220191
12.9 -0.025037198 0.0087705023 0 1 0 1.1749628 0.0087705023 1.3975271 1.2 3.469447e-18 0 0.020602495
12.95 -0.02427051 0.0082221738 0 1 0 1.1757295 0.0082221738 1.3975271 1.2 3.469447e-18 0 0.01994486
13 -0.023454944 0.0076640272 0 1 0 1.1765451 0.0076640272 1.3975271 1.2 3.469447e-18 0 0.019248589
13.05 -0.022592144 0.007096729 0 1 0 1.1774079 0.007096729 1.3975271 1.2 3.469447e-18 0 0.018515078
13.1 -0.021683846 0.0065209566 0 1 0 1.1783162 0.0065209566 1.3975271 1.2 3.469447e-18 0 0.017745814
13.15 -0.020731879 0.0059373975 0 1 0 1.1792681 0.0059373975 1.3975271 1.2 3.469447e-18 0 0.016942386
13.2 -0.019738162 0.0053467485 0 1 0 1.1802618 0.0053467485 1.3975271 1.2 3.469447e-18 0 0.016106476
13.25 -0.018704694 0.0047497149 0 1 0 1.1812953 0.0047497149 1.3975271 1.2 3.469447e-18 0 0.015239874
13.3 -0.017633558 0.0041470097 0 1 0 1.1823664 0.0041470097 1.3975271 1.2 3.469447e-18 0 0.014344485
13.35 -0.016526909 0.0035393525 0 1 0 1.1834731 0.0035393525 1.3975271 1.2 3.469447e-18 0 0.013422341
13.4 -0.015386978 0.002927469 0 1 0 1.184613 0.002927469 1.3975271 1.2 3.469447e-18 0 0.012475634
13.45 -0.01421606 0.0023120897 0 1 0 1.1857839 0.0023120897 1.3975271 1.2 3.469447e-18 0 0.01150675
13.5 -0.013016512 0.0016939496 0 1 0 1.1869835 0.0016939496 1.3975271 1.2 3.469447e-18 0 0.01051834
13.55 -0.011790751 0.0010737868 0 1 0 1.1882092 0.0010737868 1.3975271 1.2 3.469447e-18 0 0.0095134332
13.6 -0.010541245 0.00045234172 0 1 0 1.1894588 0.00045234172 1.3975271 1.2 3.469447e-18 0 0.0084956387
13.65 -0.0092705098 -0.00016964349 0 1 0 1.1907295 -0.00016964349 1.3975271 1.2 3.469447e-18 0 0.0074695218
13.7 -0.0079811054 -0.00079142613 0 1 0 1.1920189 -0.00079142613 1.3975271 1.2 3.469447e-18 0 0.0064413363
13.75 -0.006675628 -0.0014122637 0 1 0 1.1933244 -0.0014122637 1.3975271 1.2 3.469447e-18 0 0.0054205772
13.8 -0.0053567068 -0.0020314149 0 1 0 1.1946433 -0.0020314149 1.3975271 1.2 3.469447e-18 0 0.0044235497
13.85 -0.004026998 -0.0026481404 0 1 0 1.195973 -0.0026481404 1.3975271 1.2 3.469447e-18 0 0.0034823611
13.9 -0.0026891793 -0.0032617037 0 1 0 1.1973108 -0.0032617037 1.3975271 1.2 3.469447e-18 0 0.0026686828
13.95 -0.0013459449 -0.0038713723 0 1 0 1.1986541 -0.0038713723 1.3975271 1.2 3.469447e-18 0 0.0021438011
14 -1.4695762e-17 -0.004476418 0 1 0 1.2 -0.004476418 1.3975271 1.2 3.469447e-18 0 0.0021383349
14.05 0.0013459449 -0.0050761184 0 1 0 1.2013459 -0.0050761184 1.3975271 1.2 3.469447e-18 0 0.00265624
14.1 0.0026891793 -0.0056697574 0 1 0 1.2026892 -0.0056697574 1.3975271 1.2 3.469447e-18 0 0.003468368
14.15 0.004026998 -0.0062566261 0 1 0 1.204027 -0.0062566261 1.3975271 1.2 3.469447e-18 0 0.0044112465
14.2 0.0053567068 -0.0068360237 0 1 0 1.2053567 -0.0068360237 1.3975271 1.2 3.469447e-18 0 0.0054119854
14.25 0.006675628 -0.0074072585 0 1 0 1.2066756 -0.0074072585 1.3975271 1.2 3.469447e-18 0 0.0064379785
14.3 0.0079811054 -0.0079696482 0 1 0 1.2079811 -0.0079696482 1.3975271 1.2 3.469447e-18 0 0.0074726988
14.35 0.0092705098 -0.0085225213 0 1 0 1.2092705 -0.0085225213 1.3975271 1.2 3.469447e-18 0 0.0085065359
14.4 0.010541245 -0.0090652176 0 1 0 1.2105412 -0.0090652176 1.3975271 1.2 3.469447e-18 0 0.0095331603
14.45 0.011790751 -0.0095970892 0 1 0 1.2117908 -0.0095970892 1.3975271 1.2 3.469447e-18 0 0.010547949
14.5 0.013016512 -0.010117501 0 1 0 1.2130165 -0.010117501 1.3975271 1.2 3.469447e-18 0 0.011547241
14.55 0.01421606 -0.010625831 0 1 0 1.2142161 -0.010625831 1.3975271 1.2 3.469447e-18 0 0.012527954
14.6 0.015386978 -0.011121473 0 1 0 1.215387 -0.011121473 1.3975271 1.2 3.469447e-18 0 0.013487388
14.65 0.016526909 -0.011603835 0 1 0 1.2165269 -0.011603835 1.3975271 1.2 3.469447e-18 0 0.014423101
14.7 0.017633558 -0.01207234 0 1 0 1.2176336 -0.01207234 1.3975271 1.2 3.469447e-18 0 0.015332847
14.75 0.018704694 -0.01252643 0 1 0 1.2187047 -0.01252643 1.3975271 1.2 3.469447e-18 0 0.016214531
14.8 0.019738162 -0.012965562 0 1 0 1.2197382 -0.012965562 1.3975271 1.2 3.469447e-18 0 0.017066187
14.85 0.020731879 -0.013389212 0 1 0 1.2207319 -0.013389212 1.3975271 1.2 3.469447e-18 0 0.017885958
14.9 0.021683846 -0.013796874 0 1 0 1.2216838 -0.013796874 1.3975271 1.2 3.469447e-18 0 0.01867209
14.95 0.022592144 -0.014188061 0 1 0 1.2225921 -0.014188061 1.3975271 1.2 3.469447e-18 0 0.019422925
15 0.023454944 -0.014562306 0 1 0 1.2234549 -0.014562306 1.3975271 1.2 3.469447e-18 0 0.020136895
15.05 0.02427051 -0.014919162 0 1 0 1.2242705 -0.014919162 1.3975271 1.2 3.469447e-18 0 0.020812525
15.1 0.025037198 -0.015258203 0 1 0 1.2250372 -0.015258203 1.3975271 1.2 3.469447e-18 0 0.021448428
15.15 0.025753464 -0.015579024 0 1 0 1.2257535 -0.015579024 1.3975271 1.2 3.469447e-18 0 0.022043308
15.2 0.026417866 -0.015881242 0 1 0 1.2264179 -0.015881242 1.3975271 1.2 3.469447e-18 0 0.02259596
15.25 0.027029066 -0.016164496 0 1 0 1.2270291 -0.016164496 1.3975271 1.2 3.469447e-18 0 0.023105269
15.3 0.027585833 -0.016428449 0 1 0 1.2275858 -0.016428449 1.3975271 1.2 3.469447e-18 0 0.023570213
15.35 0.028087046 -0.016672784 0 1 0 1.228087 -0.016672784 1.3975271 1.2 3.469447e-18 0 0.023989864
15.4 0.028531695 -0.016897209 0 1 0 1.2285317 -0.016897209 1.3975271 1.2 3.469447e-18 0 0.024363389
15.45 0.028918886 -0.017101458 0 1 0 1.2289189 -0.017101458 1.3975271 1.2 3.469447e-18 0 0.02469005
15.5 0.029247837 -0.017285286 0 1 0 1.2292478 -0.017285286 1.3975271 1.2 3.469447e-18 0 0.024969208
15.55 0.029517888 -0.017448474 0 1 0 1.2295179 -0.017448474 1.3975271 1.2 3.469447e-18 0 0.02520032
15.6 0.029728493 -0.017590826 0 1 0 1.2297285 -0.017590826 1.3975271 1.2 3.469447e-18 0 0.025382944
15.65 0.029879229 -0.017712173 0 1 0 1.2298792 -0.017712173 1.3975271 1.2 3.469447e-18 0 0.025516735
15.7 0.029969792 -0.01781237 0 1 0 1.2299698 -0.01781237 1.3975271 1.2 3.469447e-18 0 0.025601451
15.75 0.03 -0.017891297 0 1 0 1.23 -0.017891297 1.3975271 1.2 3.469447e-18 0 0.025636951
15.8 0.029969792 -0.01794886 0 1 0 1.2299698 -0.01794886 1.3975271 1.2 3.469447e-18 0 0.025623194
15.85 0.029879229 -0.01798499 0 1 0 1.2298792 -0.01798499 1.3975271 1.2 3.469447e-18 0 0.025560243
15.9 0.029728493 -0.017999645 0 1 0 1.2297285 -0.017999645 1.3975271 1.2 3.469447e-18 0 0.02544826
15.95 0.029517888 -0.017992806 0 1 0 1.2295179 -0.017992806 1.3975271 1.2 3.469447e-18 0 0.025287512
16 0.029247837 -0.017964481 0 1 0 1.2292478 -0.017964481 1.3975271 1.2 3.469447e-18 0 0.025078367
