t x y z hx hy rx ry rz dx dy rzrel acc
0 0 0 0 1 0 1.2 3.4593664e-18 1.3975271 1.2 3.4593664e-18 0 0.001
0.05 0.05998264 0 0 1 0 1.2599826 3.4593664e-18 1.3975271 1.2 3.4593664e-18 0 0.041654609
0.1 0.11986116 0 0 1 0 1.3198612 3.4593664e-18 1.3975271 1.2 3.4593664e-18 0 0.083236912
0.15 0.17953162 0 0 1 0 1.3795316 3.4593664e-18 1.3975271 1.2 3.4593664e-18 0 0.12467473
0.2 0.23889043 0 0 1 0 1.4388904 3.4593664e-18 1.3975271 1.2 3.4593664e-18 0 0.16589612
0.25 0.29783457 0 0 1 0 1.4978346 3.4593664e-18 1.3975271 1.2 3.4593664e-18 0 0.20682955
0.3 0.3562617 0 0 1 0 1.5562617 3.4593664e-18 1.3975271 1.2 3.4593664e-18 0 0.24740394
0.35 0.41407042 0 0 1 0 1.6140704 3.4593664e-18 1.3975271 1.2 3.4593664e-18 0 0.28754888
0.4 0.47116036 0 0 1 0 1.6711604 3.4593664e-18 1.3975271 1.2 3.4593664e-18 0 0.32719468
0.45 0.52743244 0 0 1 0 1.7274324 3.4593664e-18 1.3975271 1.2 3.4593664e-18 0 0.36627251
0.5 0.58278897 0 0 1 0 1.782789 3.4593664e-18 1.3975271 1.2 3.4593664e-18 0 0.40471454
0.55 0.63713386 0 0 1 0 1.8371339 3.4593664e-18 1.3975271 1.2 3.4593664e-18 0 0.44245404
0.6 0.69037278 0 0 1 0 1.8903728 3.4593664e-18 1.3975271 1.2 3.4593664e-18 0 0.47942551
0.65 0.7424133 0 0 1 0 1.9424133 3.4593664e-18 1.3975271 1.2 3.4593664e-18 0 0.51556476
0.7 0.7931651 0 0 1 0 1.9931651 3.4593664e-18 1.3975271 1.2 3.4593664e-18 0 0.55080906
0.75 0.84254007 0 0 1 0 2.0425401 3.4593664e-18 1.3975271 1.2 3.4593664e-18 0 0.58509724
0.8 0.89045252 0 0 1 0 2.0904525 3.4593664e-18 1.3975271 1.2 3.4593664e-18 0 0.61836977
0.85 0.93681926 0 0 1 0 2.1368193 3.4593664e-18 1.3975271 1.2 3.4593664e-18 0 0.65056889
0.9 0.98155981 0 0 1 0 2.1815598 3.4593664e-18 1.3975271 1.2 3.4593664e-18 0 0.68163872
0.95 1.0245965 0 0 1 0 2.2245965 3.4593664e-18 1.3975271 1.2 3.4593664e-18 0 0.71152532
1 1.0658547 0 0 1 0 2.2658547 3.4593664e-18 1.3975271 1.2 3.4593664e-18 0 0.74017681
1.05 1.1052626 0 0 1 0 2.3052626 3.4593664e-18 1.3975271 1.2 3.4593664e-18 0 0.76754346
1.1 1.142752 0 0 1 0 2.342752 3.4593664e-18 1.3975271 1.2 3.4593664e-18 0 0.79357776
1.15 1.1782578 0 0 1 0 2.3782578 3.4593664e-18 1.3975271 1.2 3.4593664e-18 0 0.81823452
1.2 1.2117182 0 0 1 0 2.4117182 3.4593664e-18 1.3975271 1.2 3.4593664e-18 0 0.84147094
1.25 1.2430753 0 0 1 0 2.4430753 3.4593664e-18 1.3975271 1.2 3.4593664e-18 0 0.86324668
1.3 1.2722746 0 0 1 0 2.4722746 3.4593664e-18 1.3975271 1.2 3.4593664e-18 0 0.88352395
1.35 1.2992653 0 0 1 0 2.4992653 3.4593664e-18 1.3975271 1.2 3.4593664e-18 0 0.90226754
1.4 1.3240008 0 0 1 0 2.5240008 3.4593664e-18 1.3975271 1.2 3.4593664e-18 0 0.91944493
1.45 1.3464379 0 0 1 0 2.5464379 3.4593664e-18 1.3975271 1.2 3.4593664e-18 0 0.93502628
1.5 1.3665379 0 0 1 0 2.5665379 3.4593664e-18 1.3975271 1.2 3.4593664e-18 0 0.94898457
1.55 1.3842657 0 0 1 0 2.5842657 3.4593664e-18 1.3975271 1.2 3.4593664e-18 0 0.96129554
1.6 1.3995906 0 0 1 0 2.5995906 3.4593664e-18 1.3975271 1.2 3.4593664e-18 0 0.97193784
1.65 1.412486 0 0 1 0 2.612486 3.4593664e-18 1.3975271 1.2 3.4593664e-18 0 0.980893
1.7 1.4229295 0 0 1 0 2.6229295 3.4593664e-18 1.3975271 1.2 3.4593664e-18 0 0.98814546
1.75 1.4309031 0 0 1 0 2.6309031 3.4593664e-18 1.3975271 1.2 3.4593664e-18 0 0.99368264
1.8 1.4363928 0 0 1 0 2.6363928 3.4593664e-18 1.3975271 1.2 3.4593664e-18 0 0.99749493
1.85 1.4393891 0 0 1 0 2.6393891 3.4593664e-18 1.3975271 1.2 3.4593664e-18 0 0.9995757
1.9 1.4398868 0 0 1 0 2.6398868 3.4593664e-18 1.3975271 1.2 3.4593664e-18 0 0.99992135
1.95 1.4378851 0 0 1 0 2.6378851 3.4593664e-18 1.3975271 1.2 3.4593664e-18 0 0.99853128
2 1.4333875 0 0 1 0 2.6333875 3.4593664e-18 1.3975271 1.2 3.4593664e-18 0 0.9954079
2.05 1.4264016 0 0 1 0 2.6264016 3.4593664e-18 1.3975271 1.2 3.4593664e-18 0 0.99055663
2.1 1.4169398 0 0 1 0 2.6169398 3.4593664e-18 1.3975271 1.2 3.4593664e-18 0 0.98398589
2.15 1.4050183 0 0 1 0 2.6050183 3.4593664e-18 1.3975271 1.2 3.4593664e-18 0 0.97570709
2.2 1.3906579 0 0 1 0 2.5906579 3.4593664e-18 1.3975271 1.2 3.4593664e-18 0 0.9657346
2.25 1.3738835 0 0 1 0 2.5738835 3.4593664e-18 1.3975271 1.2 3.4593664e-18 0 0.95408573
2.3 1.3547243 0 0 1 0 2.5547243 3.4593664e-18 1.3975271 1.2 3.4593664e-18 0 0.9407807
2.35 1.3332134 0 0 1 0 2.5332134 3.4593664e-18 1.3975271 1.2 3.4593664e-18 0 0.9258426
2.4 1.3093883 0 0 1 0 2.5093883 3.4593664e-18 1.3975271 1.2 3.4593664e-18 0 0.90929737
2.45 1.2832903 0 0 1 0 2.4832903 3.4593664e-18 1.3975271 1.2 3.4593664e-18 0 0.89117373
2.5 1.2549646 0 0 1 0 2.4549646 3.4593664e-18 1.3975271 1.2 3.4593664e-18 0 0.87150314
2.55 1.2244605 0 0 1 0 2.4244605 3.4593664e-18 1.3975271 1.2 3.4593664e-18 0 0.85031974
2.6 1.1918309 0 0 1 0 2.3918309 3.4593664e-18 1.3975271 1.2 3.4593664e-18 0 0.8276603
2.65 1.1571325 0 0 1 0 2.3571325 3.4593664e-18 1.3975271 1.2 3.4593664e-18 0 0.80356417
2.7 1.1204254 0 0 1 0 2.3204254 3.4593664e-18 1.3975271 1.2 3.4593664e-18 0 0.77807315
2.75 1.0817734 0 0 1 0 2.2817734 3.4593664e-18 1.3975271 1.2 3.4593664e-18 0 0.75123151
2.8 1.0412437 0 0 1 0 2.2412437 3.4593664e-18 1.3975271 1.2 3.4593664e-18 0 0.72308584
2.85 0.99890645 0 0 1 0 2.1989064 3.4593664e-18 1.3975271 1.2 3.4593664e-18 0 0.69368499
2.9 0.95483526 0 0 1 0 2.1548353 3.4593664e-18 1.3975271 1.2 3.4593664e-18 0 0.66308
2.95 0.90910661 0 0 1 0 2.1091066 3.4593664e-18 1.3975271 1.2 3.4593664e-18 0 0.631324
3 0.86179989 0 0 1 0 2.0617999 3.4593664e-18 1.3975271 1.2 3.4593664e-18 0 0.59847211
3.05 0.8129972 0 0 1 0 2.0129972 3.4593664e-18 1.3975271 1.2 3.4593664e-18 0 0.56458135
3.1 0.76278326 0 0 1 0 1.9627833 3.4593664e-18 1.3975271 1.2 3.4593664e-18 0 0.52971056
3.15 0.71124523 0 0 1 0 1.9112452 3.4593664e-18 1.3975271 1.2 3.4593664e-18 0 0.49392027
3.2 0.65847258 0 0 1 0 1.8584726 3.4593664e-18 1.3975271 1.2 3.4593664e-18 0 0.4572726
3.25 0.60455692 0 0 1 0 1.8045569 3.4593664e-18 1.3975271 1.2 3.4593664e-18 0 0.41983117
3.3 0.54959183 0 0 1 0 1.7495918 3.4593664e-18 1.3975271 1.2 3.4593664e-18 0 0.38166097
3.35 0.49367272 0 0 1 0 1.6936727 3.4593664e-18 1.3975271 1.2 3.4593664e-18 0 0.34282826
3.4 0.43689667 0 0 1 0 1.6368967 3.4593664e-18 1.3975271 1.2 3.4593664e-18 0 0.30340045
3.45 0.37936223 0 0 1 0 1.5793622 3.4593664e-18 1.3975271 1.2 3.4593664e-18 0 0.26344598
3.5 0.32116927 0 0 1 0 1.5211693 3.4593664e-18 1.3975271 1.2 3.4593664e-18 0 0.2230342
3.55 0.2624188 0 0 1 0 1.4624188 3.4593664e-18 1.3975271 1.2 3.4593664e-18 0 0.18223527
3.6 0.20321281 0 0 1 0 1.4032128 3.4593664e-18 1.3975271 1.2 3.4593664e-18 0 0.14112
3.65 0.14365407 0 0 1 0 1.3436541 3.4593664e-18 1.3975271 1.2 3.4593664e-18 0 0.099759768
3.7 0.083845971 0 0 1 0 1.283846 3.4593664e-18 1.3975271 1.2 3.4593664e-18 0 0.058226366
3.75 0.023892325 0 0 1 0 1.2238923 3.4593664e-18 1.3975271 1.2 3.4593664e-18 0 0.016591892
3.8 -0.036102796 0 0 1 0 1.1638972 3.4593664e-18 1.3975271 1.2 3.4593664e-18 0 0.025071384
3.85 -0.096035247 0 0 1 0 1.1039648 3.4593664e-18 1.3975271 1.2 3.4593664e-18 0 0.066691139
3.9 -0.15580099 0 0 1 0 1.044199 3.4593664e-18 1.3975271 1.2 3.4593664e-18 0 0.10819513
3.95 -0.21529629 0 0 1 0 0.98470371 3.4593664e-18 1.3975271 1.2 3.4593664e-18 0 0.14951131
4 -0.27441787 0 0 1 0 0.92558213 3.4593664e-18 1.3975271 1.2 3.4593664e-18 0 0.19056795
4.05 -0.33306309 0 0 1 0 0.86693691 3.4593664e-18 1.3975271 1.2 3.4593664e-18 0 0.2312938
4.1 -0.39113016 0 0 1 0 0.80886984 3.4593664e-18 1.3975271 1.2 3.4593664e-18 0 0.27161815
4.15 -0.44851829 0 0 1 0 0.75148171 3.4593664e-18 1.3975271 1.2 3.4593664e-18 0 0.31147102
4.2 -0.50512785 0 0 1 0 0.69487215 3.4593664e-18 1.3975271 1.2 3.4593664e-18 0 0.35078321
4.25 -0.56086058 0 0 1 0 0.63913942 3.4593664e-18 1.3975271 1.2 3.4593664e-18 0 0.38948649
4.3 -0.61561973 0 0 1 0 0.58438027 3.4593664e-18 1.3975271 1.2 3.4593664e-18 0 0.42751368
4.35 -0.66931025 0 0 1 0 0.53068975 3.4593664e-18 1.3975271 1.2 3.4593664e-18 0 0.46479876
4.4 -0.72183895 0 0 1 0 0.47816105 3.4593664e-18 1.3975271 1.2 3.4593664e-18 0 0.50127702
4.45 -0.77311463 0 0 1 0 0.42688537 3.4593664e-18 1.3975271 1.2 3.4593664e-18 0 0.53688513
4.5 -0.8230483 0 0 1 0 0.3769517 3.4593664e-18 1.3975271 1.2 3.4593664e-18 0 0.57156128
4.55 -0.87155327 0 0 1 0 0.32844673 3.4593664e-18 1.3975271 1.2 3.4593664e-18 0 0.60524529
4.6 -0.91854534 0 0 1 0 0.28145466 3.4593664e-18 1.3975271 1.2 3.4593664e-18 0 0.63787867
4.65 -0.96394295 0 0 1 0 0.23605705 3.4593664e-18 1.3975271 1.2 3.4593664e-18 0 0.66940479
4.7 -1.0076673 0 0 1 0 0.19233271 3.4593664e-18 1.3975271 1.2 3.4593664e-18 0 0.69976891
4.75 -1.0496425 0 0 1 0 0.15035754 3.4593664e-18 1.3975271 1.2 3.4593664e-18 0 0.72891833
4.8 -1.0897956 0 0 1 0 0.11020441 3.4593664e-18 1.3975271 1.2 3.4593664e-18 0 0.75680245
4.85 -1.128057 0 0 1 0 0.071943003 3.4593664e-18 1.3975271 1.2 3.4593664e-18 0 0.78337287
4.9 -1.1643603 0 0 1 0 0.035639748 3.4593664e-18 1.3975271 1.2 3.4593664e-18 0 0.80858346
4.95 -1.1986423 0 0 1 0 0.001357659 3.4593664e-18 1.3975271 1.2 3.4593664e-18 0 0.83239047
5 -1.2308438 0 0 1 0 -0.030843754 3.4593664e-18 1.3975271 1.2 3.4593664e-18 0 0.85475256
5.05 -1.2609086 0 0 1 0 -0.060908596 3.4593664e-18 1.3975271 1.2 3.4593664e-18 0 0.87563092
5.1 -1.2887847 0 0 1 0 -0.088784676 3.4593664e-18 1.3975271 1.2 3.4593664e-18 0 0.89498931
5.15 -1.3144236 0 0 1 0 -0.11442361 3.4593664e-18 1.3975271 1.2 3.4593664e-18 0 0.91279412
5.2 -1.3377809 0 0 1 0 -0.13778088 3.4593664e-18 1.3975271 1.2 3.4593664e-18 0 0.92901445
5.25 -1.358816 0 0 1 0 -0.15881596 3.4593664e-18 1.3975271 1.2 3.4593664e-18 0 0.94362214
5.3 -1.3774923 0 0 1 0 -0.17749232 3.4593664e-18 1.3975271 1.2 3.4593664e-18 0 0.95659183
5.35 -1.3937775 0 0 1 0 -0.19377754 3.4593664e-18 1.3975271 1.2 3.4593664e-18 0 0.96790102
5.4 -1.4076434 0 0 1 0 -0.20764337 3.4593664e-18 1.3975271 1.2 3.4593664e-18 0 0.97753006
5.45 -1.4190657 0 0 1 0 -0.21906572 3.4593664e-18 1.3975271 1.2 3.4593664e-18 0 0.98546225
5.5 -1.4280248 0 0 1 0 -0.22802478 3.4593664e-18 1.3975271 1.2 3.4593664e-18 0 0.99168381
5.55 -1.434505 0 0 1 0 -0.23450498 3.4593664e-18 1.3975271 1.2 3.4593664e-18 0 0.99618396
5.6 -1.4384951 0 0 1 0 -0.23849508 3.4593664e-18 1.3975271 1.2 3.4593664e-18 0 0.99895486
5.65 -1.4399882 0 0 1 0 -0.23998816 3.4593664e-18 1.3975271 1.2 3.4593664e-18 0 0.99999172
5.7 -1.4389816 0 0 1 0 -0.23898162 3.4593664e-18 1.3975271 1.2 3.4593664e-18 0 0.99929273
5.75 -1.4354772 0 0 1 0 -0.2354772 3.4593664e-18 1.3975271 1.2 3.4593664e-18 0 0.99685911
5.8 -1.429481 0 0 1 0 -0.22948101 3.4593664e-18 1.3975271 1.2 3.4593664e-18 0 0.99269509
5.85 -1.4210034 0 0 1 0 -0.22100343 3.4593664e-18 1.3975271 1.2 3.4593664e-18 0 0.98680788
5.9 -1.4100592 0 0 1 0 -0.21005919 3.4593664e-18 1.3975271 1.2 3.4593664e-18 0 0.97920771
5.95 -1.3966673 0 0 1 0 -0.19666728 3.4593664e-18 1.3975271 1.2 3.4593664e-18 0 0.96990778
6 -1.380851 0 0 1 0 -0.18085096 3.4593664e-18 1.3975271 1.2 3.4593664e-18 0 0.95892422
6.05 -1.3626377 0 0 1 0 -0.16263767 3.4593664e-18 1.3975271 1.2 3.4593664e-18 0 0.9462761
6.1 -1.342059 0 0 1 0 -0.14205903 3.4593664e-18 1.3975271 1.2 3.4593664e-18 0 0.93198538
6.15 -1.3191508 0 0 1 0 -0.11915077 3.4593664e-18 1.3975271 1.2 3.4593664e-18 0 0.91607687
6.2 -1.2939526 0 0 1 0 -0.093952642 3.4593664e-18 1.3975271 1.2 3.4593664e-18 0 0.89857817
6.25 -1.2665084 0 0 1 0 -0.066508397 3.4593664e-18 1.3975271 1.2 3.4593664e-18 0 0.87951967
6.3 -1.2368657 0 0 1 0 -0.036865671 3.4593664e-18 1.3975271 1.2 3.4593664e-18 0 0.85893444
6.35 -1.2050759 0 0 1 0 -0.0050759187 3.4593664e-18 1.3975271 1.2 3.4593664e-18 0 0.83685823
6.4 -1.1711943 0 0 1 0 0.028805676 3.4593664e-18 1.3975271 1.2 3.4593664e-18 0 0.81332934
6.45 -1.1352797 0 0 1 0 0.0647203 3.4593664e-18 1.3975271 1.2 3.4593664e-18 0 0.78838864
6.5 -1.0973944 0 0 1 0 0.10260561 3.4593664e-18 1.3975271 1.2 3.4593664e-18 0 0.76207939
6.55 -1.0576042 0 0 1 0 0.14239584 3.4593664e-18 1.3975271 1.2 3.4593664e-18 0 0.73444729
6.6 -1.0159781 0 0 1 0 0.18402193 3.4593664e-18 1.3975271 1.2 3.4593664e-18 0 0.70554028
6.65 -0.97258839 0 0 1 0 0.22741161 3.4593664e-18 1.3975271 1.2 3.4593664e-18 0 0.67540856
6.7 -0.92751043 0 0 1 0 0.27248957 3.4593664e-18 1.3975271 1.2 3.4593664e-18 0 0.64410443
6.75 -0.88082244 0 0 1 0 0.31917756 3.4593664e-18 1.3975271 1.2 3.4593664e-18 0 0.61168221
6.8 -0.83260547 0 0 1 0 0.36739453 3.4593664e-18 1.3975271 1.2 3.4593664e-18 0 0.57819821
6.85 -0.78294321 0 0 1 0 0.41705679 3.4593664e-18 1.3975271 1.2 3.4593664e-18 0 0.54371053
6.9 -0.73192187 0 0 1 0 0.46807813 3.4593664e-18 1.3975271 1.2 3.4593664e-18 0 0.50827905
6.95 -0.67963002 0 0 1 0 0.52036998 3.4593664e-18 1.3975271 1.2 3.4593664e-18 0 0.47196526
7 -0.62615843 0 0 1 0 0.57384157 3.4593664e-18 1.3975271 1.2 3.4593664e-18 0 0.43483221
7.05 -0.57159991 0 0 1 0 0.62840009 3.4593664e-18 1.3975271 1.2 3.4593664e-18 0 0.39694436
7.1 -0.51604917 0 0 1 0 0.68395083 3.4593664e-18 1.3975271 1.2 3.4593664e-18 0 0.35836746
7.15 -0.45960265 0 0 1 0 0.74039735 3.4593664e-18 1.3975271 1.2 3.4593664e-18 0 0.31916849
7.2 -0.40235832 0 0 1 0 0.79764168 3.4593664e-18 1.3975271 1.2 3.4593664e-18 0 0.27941548
7.25 -0.34441555 0 0 1 0 0.85558445 3.4593664e-18 1.3975271 1.2 3.4593664e-18 0 0.23917745
7.3 -0.28587492 0 0 1 0 0.91412508 3.4593664e-18 1.3975271 1.2 3.4593664e-18 0 0.19852424
7.35 -0.22683806 0 0 1 0 0.97316194 3.4593664e-18 1.3975271 1.2 3.4593664e-18 0 0.15752642
7.4 -0.16740744 0 0 1 0 1.0325926 3.4593664e-18 1.3975271 1.2 3.4593664e-18 0 0.11625516
7.45 -0.10768622 0 0 1 0 1.0923138 3.4593664e-18 1.3975271 1.2 3.4593664e-18 0 0.074782092
7.5 -0.047778072 0 0 1 0 1.1522219 3.4593664e-18 1.3975271 1.2 3.4593664e-18 0 0.033179214
7.55 0.012213011 0 0 1 0 1.212213 3.4593664e-18 1.3975271 1.2 3.4593664e-18 0 0.0084812584
7.6 0.072182894 0 0 1 0 1.2721829 3.4593664e-18 1.3975271 1.2 3.4593664e-18 0 0.050127007
7.65 0.13202748 0 0 1 0 1.3320275 3.4593664e-18 1.3975271 1.2 3.4593664e-18 0 0.091685744
7.7 0.19164288 0 0 1 0 1.3916429 3.4593664e-18 1.3975271 1.2 3.4593664e-18 0 0.13308533
7.75 0.25092562 0 0 1 0 1.4509256 3.4593664e-18 1.3975271 1.2 3.4593664e-18 0 0.17425389
7.8 0.30977278 0 0 1 0 1.5097728 3.4593664e-18 1.3975271 1.2 3.4593664e-18 0 0.21511998
7.85 0.36808223 0 0 1 0 1.5680822 3.4593664e-18 1.3975271 1.2 3.4593664e-18 0 0.25561264
7.9 0.42575273 0 0 1 0 1.6257527 3.4593664e-18 1.3975271 1.2 3.4593664e-18 0 0.2956616
7.95 0.48268419 0 0 1 0 1.6826842 3.4593664e-18 1.3975271 1.2 3.4593664e-18 0 0.33519733
8 0.53877777 0 0 1 0 1.7387778 3.4593664e-18 1.3975271 1.2 3.4593664e-18 0 0.37415121
8.05 0.59393611 0 0 1 0 1.7939361 3.4593664e-18 1.3975271 1.2 3.4593664e-18 0 0.41245561
8.1 0.64806347 0 0 1 0 1.8480635 3.4593664e-18 1.3975271 1.2 3.4593664e-18 0 0.45004405
8.15 0.70106587 0 0 1 0 1.9010659 3.4593664e-18 1.3975271 1.2 3.4593664e-18 0 0.48685127
8.2 0.75285132 0 0 1 0 1.9528513 3.4593664e-18 1.3975271 1.2 3.4593664e-18 0 0.52281339
8.25 0.80332993 0 0 1 0 2.0033299 3.4593664e-18 1.3975271 1.2 3.4593664e-18 0 0.55786797
8.3 0.85241407 0 0 1 0 2.0524141 3.4593664e-18 1.3975271 1.2 3.4593664e-18 0 0.59195418
8.35 0.90001854 0 0 1 0 2.1000185 3.4593664e-18 1.3975271 1.2 3.4593664e-18 0 0.62501284
8.4 0.9460607 0 0 1 0 2.1460607 3.4593664e-18 1.3975271 1.2 3.4593664e-18 0 0.65698656
8.45 0.99046064 0 0 1 0 2.1904606 3.4593664e-18 1.3975271 1.2 3.4593664e-18 0 0.68781985
8.5 1.0331413 0 0 1 0 2.2331413 3.4593664e-18 1.3975271 1.2 3.4593664e-18 0 0.71745917
8.55 1.0740285 0 0 1 0 2.2740285 3.4593664e-18 1.3975271 1.2 3.4593664e-18 0 0.74585309
8.6 1.1130514 0 0 1 0 2.3130514 3.4593664e-18 1.3975271 1.2 3.4593664e-18 0 0.77295231
8.65 1.1501422 0 0 1 0 2.3501422 3.4593664e-18 1.3975271 1.2 3.4593664e-18 0 0.7987098
8.7 1.1852365 0 0 1 0 2.3852365 3.4593664e-18 1.3975271 1.2 3.4593664e-18 0 0.82308083
8.75 1.2182734 0 0 1 0 2.4182734 3.4593664e-18 1.3975271 1.2 3.4593664e-18 0 0.84602311
8.8 1.2491955 0 0 1 0 2.4491955 3.4593664e-18 1.3975271 1.2 3.4593664e-18 0 0.86749682
8.85 1.2779492 0 0 1 0 2.4779492 3.4593664e-18 1.3975271 1.2 3.4593664e-18 0 0.88746467
8.9 1.3044846 0 0 1 0 2.5044846 3.4593664e-18 1.3975271 1.2 3.4593664e-18 0 0.90589201
8.95 1.3287555 0 0 1 0 2.5287555 3.4593664e-18 1.3975271 1.2 3.4593664e-18 0 0.92274685
9 1.35072 0 0 1 0 2.55072 3.4593664e-18 1.3975271 1.2 3.4593664e-18 0 0.93799992
9.05 1.3703397 0 0 1 0 2.5703397 3.4593664e-18 1.3975271 1.2 3.4593664e-18 0 0.95162476
9.1 1.3875808 0 0 1 0 2.5875808 3.4593664e-18 1.3975271 1.2 3.4593664e-18 0 0.96359772
9.15 1.4024132 0 0 1 0 2.6024132 3.4593664e-18 1.3975271 1.2 3.4593664e-18 0 0.973898
9.2 1.4148112 0 0 1 0 2.6148112 3.4593664e-18 1.3975271 1.2 3.4593664e-18 0 0.98250773
9.25 1.4247533 0 0 1 0 2.6247533 3.4593664e-18 1.3975271 1.2 3.4593664e-18 0 0.98941197
9.3 1.4322222 0 0 1 0 2.6322222 3.4593664e-18 1.3975271 1.2 3.4593664e-18 0 0.99459872
9.35 1.437205 0 0 1 0 2.637205 3.4593664e-18 1.3975271 1.2 3.4593664e-18 0 0.99805899
9.4 1.439693 0 0 1 0 2.639693 3.4593664e-18 1.3975271 1.2 3.4593664e-18 0 0.99978677
9.45 1.4396819 0 0 1 0 2.6396819 3.4593664e-18 1.3975271 1.2 3.4593664e-18 0 0.99977906
9.5 1.4371717 0 0 1 0 2.6371717 3.4593664e-18 1.3975271 1.2 3.4593664e-18 0 0.99803588
9.55 1.4321668 0 0 1 0 2.6321668 3.4593664e-18 1.3975271 1.2 3.4593664e-18 0 0.99456024
9.6 1.4246759 0 0 1 0 2.6246759 3.4593664e-18 1.3975271 1.2 3.4593664e-18 0 0.98935819
9.65 1.4147119 0 0 1 0 2.6147119 3.4593664e-18 1.3975271 1.2 3.4593664e-18 0 0.98243875
9.7 1.4022921 0 0 1 0 2.6022921 3.4593664e-18 1.3975271 1.2 3.4593664e-18 0 0.97381393
9.75 1.3874382 0 0 1 0 2.5874382 3.4593664e-18 1.3975271 1.2 3.4593664e-18 0 0.96349871
9.8 1.3701759 0 0 1 0 2.5701759 3.4593664e-18 1.3975271 1.2 3.4593664e-18 0 0.95151099
9.85 1.3505352 0 0 1 0 2.5505352 3.4593664e-18 1.3975271 1.2 3.4593664e-18 0 0.93787158
9.9 1.3285501 0 0 1 0 2.5285501 3.4593664e-18 1.3975271 1.2 3.4593664e-18 0 0.92260416
9.95 1.3042588 0 0 1 0 2.5042588 3.4593664e-18 1.3975271 1.2 3.4593664e-18 0 0.90573522
10 1.2777035 0 0 1 0 2.4777035 3.4593664e-18 1.3975271 1.2 3.4593664e-18 0 0.88729406
10.05 1.2489303 0 0 1 0 2.4489303 3.4593664e-18 1.3975271 1.2 3.4593664e-18 0 0.86731267
10.1 1.2179892 0 0 1 0 2.4179892 3.4593664e-18 1.3975271 1.2 3.4593664e-18 0 0.84582576
10.15 1.1849337 0 0 1 0 2.3849337 3.4593664e-18 1.3975271 1.2 3.4593664e-18 0 0.82287061
10.2 1.1498214 0 0 1 0 2.3498214 3.4593664e-18 1.3975271 1.2 3.4593664e-18 0 0.79848707
10.25 1.1127132 0 0 1 0 2.3127132 3.4593664e-18 1.3975271 1.2 3.4593664e-18 0 0.77271746
10.3 1.0736735 0 0 1 0 2.2736735 3.4593664e-18 1.3975271 1.2 3.4593664e-18 0 0.74560653
10.35 1.03277 0 0 1 0 2.23277 3.4593664e-18 1.3975271 1.2 3.4593664e-18 0 0.71720134
10.4 0.99007375 0 0 1 0 2.1900737 3.4593664e-18 1.3975271 1.2 3.4593664e-18 0 0.68755118
10.45 0.94565889 0 0 1 0 2.1456589 3.4593664e-18 1.3975271 1.2 3.4593664e-18 0 0.65670752
10.5 0.89960249 0 0 1 0 2.0996025 3.4593664e-18 1.3975271 1.2 3.4593664e-18 0 0.62472392
10.55 0.85198452 0 0 1 0 2.0519845 3.4593664e-18 1.3975271 1.2 3.4593664e-18 0 0.59165588
10.6 0.80288761 0 0 1 0 2.0028876 3.4593664e-18 1.3975271 1.2 3.4593664e-18 0 0.55756081
10.65 0.75239701 0 0 1 0 1.952397 3.4593664e-18 1.3975271 1.2 3.4593664e-18 0 0.52249789
10.7 0.70060035 0 0 1 0 1.9006003 3.4593664e-18 1.3975271 1.2 3.4593664e-18 0 0.48652799
10.75 0.64758754 0 0 1 0 1.8475875 3.4593664e-18 1.3975271 1.2 3.4593664e-18 0 0.44971355
10.8 0.59345062 0 0 1 0 1.7934506 3.4593664e-18 1.3975271 1.2 3.4593664e-18 0 0.41211846
10.85 0.53828355 0 0 1 0 1.7382835 3.4593664e-18 1.3975271 1.2 3.4593664e-18 0 0.373808
10.9 0.48218209 0 0 1 0 1.6821821 3.4593664e-18 1.3975271 1.2 3.4593664e-18 0 0.33484865
10.95 0.42524363 0 0 1 0 1.6252436 3.4593664e-18 1.3975271 1.2 3.4593664e-18 0 0.29530806
11 0.36756701 0 0 1 0 1.567567 3.4593664e-18 1.3975271 1.2 3.4593664e-18 0 0.25525485
11.05 0.30925234 0 0 1 0 1.5092523 3.4593664e-18 1.3975271 1.2 3.4593664e-18 0 0.21475856
11.1 0.25040086 0 0 1 0 1.4504009 3.4593664e-18 1.3975271 1.2 3.4593664e-18 0 0.17388948
11.15 0.19111471 0 0 1 0 1.3911147 3.4593664e-18 1.3975271 1.2 3.4593664e-18 0 0.13271854
11.2 0.13149682 0 0 1 0 1.3314968 3.4593664e-18 1.3975271 1.2 3.4593664e-18 0 0.091317233
11.25 0.071650665 0 0 1 0 1.2716507 3.4593664e-18 1.3975271 1.2 3.4593664e-18 0 0.049757403
11.3 0.011680135 0 0 1 0 1.2116801 3.4593664e-18 1.3975271 1.2 3.4593664e-18 0 0.0081112048
11.35 -0.048310669 0 0 1 0 1.1516893 3.4593664e-18 1.3975271 1.2 3.4593664e-18 0 0.033549076
11.4 -0.10821761 0 0 1 0 1.0917824 3.4593664e-18 1.3975271 1.2 3.4593664e-18 0 0.075151114
11.45 -0.16793671 0 0 1 0 1.0320633 3.4593664e-18 1.3975271 1.2 3.4593664e-18 0 0.11662271
11.5 -0.22736429 0 0 1 0 0.97263571 3.4593664e-18 1.3975271 1.2 3.4593664e-18 0 0.15789186
11.55 -0.28639719 0 0 1 0 0.91360281 3.4593664e-18 1.3975271 1.2 3.4593664e-18 0 0.19888693
11.6 -0.34493295 0 0 1 0 0.85506705 3.4593664e-18 1.3975271 1.2 3.4593664e-18 0 0.23953676
11.65 -0.40286996 0 0 1 0 0.79713004 3.4593664e-18 1.3975271 1.2 3.4593664e-18 0 0.27977079
11.7 -0.46010764 0 0 1 0 0.73989236 3.4593664e-18 1.3975271 1.2 3.4593664e-18 0 0.31951918
11.75 -0.51654664 0 0 1 0 0.68345336 3.4593664e-18 1.3975271 1.2 3.4593664e-18 0 0.35871292
11.8 -0.57208898 0 0 1 0 0.62791102 3.4593664e-18 1.3975271 1.2 3.4593664e-18 0 0.39728399
11.85 -0.62663826 0 0 1 0 0.57336174 3.4593664e-18 1.3975271 1.2 3.4593664e-18 0 0.43516543
11.9 -0.68009978 0 0 1 0 0.51990022 3.4593664e-18 1.3975271 1.2 3.4593664e-18 0 0.47229149
11.95 -0.73238075 0 0 1 0 0.46761925 3.4593664e-18 1.3975271 1.2 3.4593664e-18 0 0.50859771
12 -0.7833904 0 0 1 0 0.4166096 3.4593664e-18 1.3975271 1.2 3.4593664e-18 0 0.54402108
12.05 -0.8330402 0 0 1 0 0.3669598 3.4593664e-18 1.3975271 1.2 3.4593664e-18 0 0.5785001
12.1 -0.88124395 0 0 1 0 0.31875605 3.4593664e-18 1.3975271 1.2 3.4593664e-18 0 0.61197493
12.15 -0.92791799 0 0 1 0 0.27208201 3.4593664e-18 1.3975271 1.2 3.4593664e-18 0 0.64438746
12.2 -0.9729813 0 0 1 0 0.2270187 3.4593664e-18 1.3975271 1.2 3.4593664e-18 0 0.67568142
12.25 -1.0163556 0 0 1 0 0.18364435 3.4593664e-18 1.3975271 1.2 3.4593664e-18 0 0.70580249
12.3 -1.0579657 0 0 1 0 0.14203426 3.4593664e-18 1.3975271 1.2 3.4593664e-18 0 0.73469839
12.35 -1.0977394 0 0 1 0 0.10226065 3.4593664e-18 1.3975271 1.2 3.4593664e-18 0 0.76231895
12.4 -1.1356074 0 0 1 0 0.064392554 3.4593664e-18 1.3975271 1.2 3.4593664e-18 0 0.78861624
12.45 -1.1715043 0 0 1 0 0.028495717 3.4593664e-18 1.3975271 1.2 3.4593664e-18 0 0.81354459
12.5 -1.2053676 0 0 1 0 -0.0053675529 3.4593664e-18 1.3975271 1.2 3.4593664e-18 0 0.83706075
12.55 -1.2371385 0 0 1 0 -0.037138473 3.4593664e-18 1.3975271 1.2 3.4593664e-18 0 0.85912389
12.6 -1.2667619 0 0 1 0 -0.066761894 3.4593664e-18 1.3975271 1.2 3.4593664e-18 0 0.87969571
12.65 -1.2941864 0 0 1 0 -0.094186394 3.4593664e-18 1.3975271 1.2 3.4593664e-18 0 0.8987405
12.7 -1.3193644 0 0 1 0 -0.11936437 3.4593664e-18 1.3975271 1.2 3.4593664e-18 0 0.9162252
12.75 -1.3422521 0 0 1 0 -0.14225211 3.4593664e-18 1.3975271 1.2 3.4593664e-18 0 0.93211947
12.8 -1.3628099 0 0 1 0 -0.16280989 3.4593664e-18 1.3975271 1.2 3.4593664e-18 0 0.9463957
12.85 -1.381002 0 0 1 0 -0.18100202 3.4593664e-18 1.3975271 1.2 3.4593664e-18 0 0.95902913
12.9 -1.3967969 0 0 1 0 -0.19679693 3.4593664e-18 1.3975271 1.2 3.4593664e-18 0 0.96999781
12.95 -1.4101672 0 0 1 0 -0.21016719 3.4593664e-18 1.3975271 1.2 3.4593664e-18 0 0.97928272
13 -1.4210896 0 0 1 0 -0.2210896 3.4593664e-18 1.3975271 1.2 3.4593664e-18 0 0.98686772
13.05 -1.4295452 0 0 1 0 -0.2295452 3.4593664e-18 1.3975271 1.2 3.4593664e-18 0 0.99273967
13.1 -1.4355193 0 0 1 0 -0.23551931 3.4593664e-18 1.3975271 1.2 3.4593664e-18 0 0.99688835
13.15 -1.4390016 0 0 1 0 -0.23900156 3.4593664e-18 1.3975271 1.2 3.4593664e-18 0 0.99930658
13.2 -1.4399859 0 0 1 0 -0.2399859 3.4593664e-18 1.3975271 1.2 3.4593664e-18 0 0.99999015
13.25 -1.4384706 0 0 1 0 -0.23847063 3.4593664e-18 1.3975271 1.2 3.4593664e-18 0 0.99893788
13.3 -1.4344584 0 0 1 0 -0.23445837 3.4593664e-18 1.3975271 1.2 3.4593664e-18 0 0.99615159
13.35 -1.4279561 0 0 1 0 -0.2279561 3.4593664e-18 1.3975271 1.2 3.4593664e-18 0 0.99163612
13.4 -1.4189751 0 0 1 0 -0.21897509 3.4593664e-18 1.3975271 1.2 3.4593664e-18 0 0.98539931
13.45 -1.4075309 0 0 1 0 -0.20753094 3.4593664e-18 1.3975271 1.2 3.4593664e-18 0 0.97745199
13.5 -1.3936435 0 0 1 0 -0.19364352 3.4593664e-18 1.3975271 1.2 3.4593664e-18 0 0.96780794
13.55 -1.3773369 0 0 1 0 -0.17733692 3.4593664e-18 1.3975271 1.2 3.4593664e-18 0 0.95648392
13.6 -1.3586395 0 0 1 0 -0.15863946 3.4593664e-18 1.3975271 1.2 3.4593664e-18 0 0.94349957
13.65 -1.3375836 0 0 1 0 -0.1375836 3.4593664e-18 1.3975271 1.2 3.4593664e-18 0 0.92887744
13.7 -1.3142059 0 0 1 0 -0.11420587 3.4593664e-18 1.3975271 1.2 3.4593664e-18 0 0.91264291
13.75 -1.2885469 0 0 1 0 -0.08854687 3.4593664e-18 1.3975271 1.2 3.4593664e-18 0 0.89482416
13.8 -1.2606511 0 0 1 0 -0.060651132 3.4593664e-18 1.3975271 1.2 3.4593664e-18 0 0.87545212
13.85 -1.2305671 0 0 1 0 -0.030567079 3.4593664e-18 1.3975271 1.2 3.4593664e-18 0 0.85456042
13.9 -1.1983469 0 0 1 0 0.0016530655 3.4593664e-18 1.3975271 1.2 3.4593664e-18 0 0.83218532
13.95 -1.1640466 0 0 1 0 0.035953372 3.4593664e-18 1.3975271 1.2 3.4593664e-18 0 0.80836567
14 -1.1277257 0 0 1 0 0.072274301 3.4593664e-18 1.3975271 1.2 3.4593664e-18 0 0.7831428
14.05 -1.0894472 0 0 1 0 0.1105528 3.4593664e-18 1.3975271 1.2 3.4593664e-18 0 0.75656051
14.1 -1.0492776 0 0 1 0 0.15072243 3.4593664e-18 1.3975271 1.2 3.4593664e-18 0 0.72866493
14.15 -1.0072865 0 0 1 0 0.19271346 3.4593664e-18 1.3975271 1.2 3.4593664e-18 0 0.6995045
14.2 -0.963547 0 0 1 0 0.236453 3.4593664e-18 1.3975271 1.2 3.4593664e-18 0 0.66912982
14.25 -0.91813488 0 0 1 0 0.28186512 3.4593664e-18 1.3975271 1.2 3.4593664e-18 0 0.63759363
14.3 -0.871129 0 0 1 0 0.328871 3.4593664e-18 1.3975271 1.2 3.4593664e-18 0 0.60495066
14.35 -0.82261097 0 0 1 0 0.37738903 3.4593664e-18 1.3975271 1.2 3.4593664e-18 0 0.57125758
14.4 -0.772665 0 0 1 0 0.427335 3.4593664e-18 1.3975271 1.2 3.4593664e-18 0 0.53657289
14.45 -0.72137779 0 0 1 0 0.47862221 3.4593664e-18 1.3975271 1.2 3.4593664e-18 0 0.50095677
14.5 -0.66883838 0 0 1 0 0.53116162 3.4593664e-18 1.3975271 1.2 3.4593664e-18 0 0.46447107
14.55 -0.61513795 0 0 1 0 0.58486205 3.4593664e-18 1.3975271 1.2 3.4593664e-18 0 0.4271791
14.6 -0.56036973 0 0 1 0 0.63963027 3.4593664e-18 1.3975271 1.2 3.4593664e-18 0 0.38914562
14.65 -0.50462878 0 0 1 0 0.69537122 3.4593664e-18 1.3975271 1.2 3.4593664e-18 0 0.35043663
14.7 -0.44801187 0 0 1 0 0.75198813 3.4593664e-18 1.3975271 1.2 3.4593664e-18 0 0.31111934
14.75 -0.39061728 0 0 1 0 0.80938272 3.4593664e-18 1.3975271 1.2 3.4593664e-18 0 0.27126198
14.8 -0.33254462 0 0 1 0 0.86745538 3.4593664e-18 1.3975271 1.2 3.4593664e-18 0 0.23093375
14.85 -0.27389472 0 0 1 0 0.92610528 3.4593664e-18 1.3975271 1.2 3.4593664e-18 0 0.19020466
14.9 -0.21476937 0 0 1 0 0.98523063 3.4593664e-18 1.3975271 1.2 3.4593664e-18 0 0.14914539
14.95 -0.15527122 0 0 1 0 1.0447288 3.4593664e-18 1.3975271 1.2 3.4593664e-18 0 0.10782723
15 -0.095503532 0 0 1 0 1.1044965 3.4593664e-18 1.3975271 1.2 3.4593664e-18 0 0.066321893
15.05 -0.035570066 0 0 1 0 1.1644299 3.4593664e-18 1.3975271 1.2 3.4593664e-18 0 0.024701434
15.1 0.024425144 0 0 1 0 1.2244251 3.4593664e-18 1.3975271 1.2 3.4593664e-18 0 0.016961907
15.15 0.084377956 0 0 1 0 1.284378 3.4593664e-18 1.3975271 1.2 3.4593664e-18 0 0.058595797
15.2 0.1441843 0 0 1 0 1.3441843 3.4593664e-18 1.3975271 1.2 3.4593664e-18 0 0.10012798
15.25 0.20374036 0 0 1 0 1.4037404 3.4593664e-18 1.3975271 1.2 3.4593664e-18 0 0.14148635
15.3 0.26294275 0 0 1 0 1.4629428 3.4593664e-18 1.3975271 1.2 3.4593664e-18 0 0.18259913
15.35 0.32168872 0 0 1 0 1.5216887 3.4593664e-18 1.3975271 1.2 3.4593664e-18 0 0.22339493
15.4 0.37987627 0 0 1 0 1.5798763 3.4593664e-18 1.3975271 1.2 3.4593664e-18 0 0.26380295
15.45 0.43740442 0 0 1 0 1.6374044 3.4593664e-18 1.3975271 1.2 3.4593664e-18 0 0.30375305
15.5 0.49417329 0 0 1 0 1.6941733 3.4593664e-18 1.3975271 1.2 3.4593664e-18 0 0.34317588
15.55 0.55008435 0 0 1 0 1.7500843 3.4593664e-18 1.3975271 1.2 3.4593664e-18 0 0.382003
15.6 0.60504053 0 0 1 0 1.8050405 3.4593664e-18 1.3975271 1.2 3.4593664e-18 0 0.42016701
15.65 0.65894645 0 0 1 0 1.8589465 3.4593664e-18 1.3975271 1.2 3.4593664e-18 0 0.45760168
15.7 0.71170854 0 0 1 0 1.9117085 3.4593664e-18 1.3975271 1.2 3.4593664e-18 0 0.49424201
15.75 0.76323519 0 0 1 0 1.9632352 3.4593664e-18 1.3975271 1.2 3.4593664e-18 0 0.53002441
15.8 0.81343698 0 0 1 0 2.013437 3.4593664e-18 1.3975271 1.2 3.4593664e-18 0 0.56488676
15.85 0.86222675 0 0 1 0 2.0622268 3.4593664e-18 1.3975271 1.2 3.4593664e-18 0 0.59876855
15.9 0.90951982 0 0 1 0 2.1095198 3.4593664e-18 1.3975271 1.2 3.4593664e-18 0 0.63161095
15.95 0.95523409 0 0 1 0 2.1552341 3.4593664e-18 1.3975271 1.2 3.4593664e-18 0 0.66335697
16 0.99929021 0 0 1 0 2.1992902 3.4593664e-18 1.3975271 1.2 3.4593664e-18 0 0.69395149
