t x y z hx hy rx ry rz dx dy rzrel acc
0 1.44 0 0 6.123234e-17 1 1.44 1.2 1.3975271 0 1.2 0 1.3017082
0.05 1.4387502 0.05998264 0.022699525 -0.041654611 0.99913207 1.3887646 1.2589411 1.4202266 -0.049985534 1.1989585 0.022699525 2.3999838
0.1 1.4350029 0.11986116 0.04045085 -0.083236916 0.99652979 1.3351186 1.3156969 1.4379779 -0.099884299 1.1958357 0.04045085 3.8216039
0.15 1.4287646 0.17953162 0.049384417 -0.12467473 0.99219767 1.279155 1.3701688 1.4469115 -0.14960968 1.1906372 0.049384417 4.5756734
0.2 1.4200463 0.23889043 0.047552826 -0.16589613 0.98614323 1.2209709 1.4222623 1.4450799 -0.19907536 1.1833719 0.047552826 4.4199455
0.25 1.4088629 0.29783457 0.035355339 -0.20682956 0.97837699 1.1606674 1.471887 1.4328824 -0.24819547 1.1740524 0.035355339 3.3995542
0.3 1.3952339 0.3562617 0.01545085 -0.24740396 0.96891242 1.0983491 1.5189566 1.4129779 -0.29688475 1.1626949 0.01545085 1.8915652
0.35 1.379183 0.41407042 -0.0078217233 -0.2875489 0.95776596 1.0341243 1.5633896 1.3897053 -0.34505868 1.1493191 -0.0078217233 1.475517
0.4 1.360738 0.47116036 -0.029389263 -0.3271947 0.94495695 0.96810437 1.6051087 1.3681378 -0.39263364 1.1339483 -0.029389263 2.9170672
0.45 1.339931 0.52743244 -0.044550326 -0.36627253 0.93050762 0.90040394 1.6440416 1.3529767 -0.43952703 1.1166091 -0.044550326 4.1658151
0.5 1.316798 0.58278897 -0.05 -0.40471456 0.91444307 0.83114054 1.6801207 1.3475271 -0.48565748 1.0973317 -0.05 4.6281198
0.55 1.2913793 0.63713386 -0.044550326 -0.44245407 0.89679117 0.7604344 1.7132833 1.3529767 -0.53094488 1.0761494 -0.044550326 4.1658151
0.6 1.2637189 0.69037278 -0.029389263 -0.47942554 0.87758256 0.68840824 1.7434718 1.3681378 -0.57531065 1.0530991 -0.029389263 2.9170672
0.65 1.2338649 0.7424133 -0.0078217233 -0.51556479 0.8568506 0.61518711 1.770634 1.3897053 -0.61867775 1.0282207 -0.0078217233 1.475517
0.7 1.201869 0.7931651 0.01545085 -0.5508091 0.83463126 0.5408981 1.7947226 1.4129779 -0.66097092 1.0015575 0.01545085 1.8915652
0.75 1.1677869 0.84254007 0.035355339 -0.58509727 0.81096312 0.46567016 1.8156958 1.4328824 -0.70211673 0.97315574 0.035355339 3.3995542
0.8 1.1316777 0.89045252 0.047552826 -0.6183698 0.78588726 0.38963389 1.8335172 1.4450799 -0.74204376 0.94306471 0.047552826 4.4199455
0.85 1.093604 0.93681926 0.049384417 -0.65056893 0.75944721 0.31292127 1.8481559 1.4469115 -0.78068272 0.91133665 0.049384417 4.5756734
0.9 1.053632 0.98155981 0.04045085 -0.68163876 0.73168887 0.23566546 1.8595865 1.4379779 -0.81796651 0.87802664 0.04045085 3.8216039
0.95 1.011831 1.0245965 0.022699525 -0.71152536 0.70266042 0.15800057 1.867789 1.4202266 -0.85383043 0.8431925 0.022699525 2.3999838
1 0.96827363 1.0658547 1.8369702e-17 -0.74017685 0.67241224 0.080061408 1.8727494 1.3975271 -0.88821222 0.80689469 0 1.3017082
1.05 0.92303548 1.1052626 -0.022699525 -0.7675435 0.64099686 0.0019832731 1.8744589 1.3748275 -0.9210522 0.76919623 -0.022699525 2.3999838
1.1 0.87619506 1.142752 -0.04045085 -0.7935778 0.60846879 -0.076098304 1.8729146 1.3570762 -0.95229336 0.73016255 -0.04045085 3.8216039
1.15 0.82783369 1.1782578 -0.049384417 -0.81823456 0.57488451 -0.15404779 1.8681192 1.3481426 -0.98188148 0.68986141 -0.049384417 4.5756734
1.2 0.77803532 1.2117182 -0.047552826 -0.84147098 0.54030231 -0.23172986 1.860081 1.3499742 -1.0097652 0.64836277 -0.047552826 4.4199455
1.25 0.72688639 1.2430753 -0.035355339 -0.86324673 0.50478221 -0.30900969 1.8488139 1.3621717 -1.0358961 0.60573866 -0.035355339 3.3995542
1.3 0.67447568 1.2722746 -0.01545085 -0.883524 0.46838589 -0.38575311 1.8343376 1.3820762 -1.0602288 0.56206307 -0.01545085 1.8915652
1.35 0.62089418 1.2992653 0.0078217233 -0.90226759 0.43117652 -0.46182693 1.8166772 1.4053488 -1.0827211 0.51741182 0.0078217233 1.475517
1.4 0.5662349 1.3240008 0.029389263 -0.91944498 0.39321868 -0.53709908 1.7958632 1.4269163 -1.103334 0.47186242 0.029389263 2.9170672
1.45 0.51059271 1.3464379 0.044550326 -0.93502634 0.35457827 -0.61143889 1.7719318 1.4420774 -1.1220316 0.42549392 0.044550326 4.1658151
1.5 0.4540642 1.3665379 0.05 -0.94898462 0.31532236 -0.68471734 1.7449247 1.4475271 -1.1387815 0.37838683 0.05 4.6281198
1.55 0.3967475 1.3842657 0.044550326 -0.9612956 0.2755191 -0.75680721 1.7148886 1.4420774 -1.1535547 0.33062292 0.044550326 4.1658151
1.6 0.33874211 1.3995906 0.029389263 -0.9719379 0.23523757 -0.82758338 1.6818757 1.4269163 -1.1663255 0.28228509 0.029389263 2.9170672
1.65 0.2801487 1.412486 0.0078217233 -0.98089306 0.19454771 -0.89692297 1.6459433 1.4053488 -1.1770717 0.23345725 0.0078217233 1.475517
1.7 0.22106899 1.4229295 -0.01545085 -0.98814552 0.15352014 -0.96470563 1.6071537 1.3820762 -1.1857746 0.18422416 -0.01545085 1.8915652
1.75 0.16160554 1.4309031 -0.035355339 -0.9936827 0.11222607 -1.0308137 1.5655744 1.3621717 -1.1924192 0.13467129 -0.035355339 3.3995542
1.8 0.10186157 1.4363928 -0.047552826 -0.99749499 0.070737202 -1.0951324 1.5212774 1.3499742 -1.196994 0.084884642 -0.047552826 4.4199455
1.85 0.041940779 1.4393891 -0.049384417 -0.99957576 0.029125541 -1.1575501 1.4743397 1.3481426 -1.1994909 0.034950649 -0.049384417 4.5756734
1.9 -0.018052816 1.4398868 -0.04045085 -0.99992141 -0.012536678 -1.2179585 1.4248428 1.3570762 -1.1999057 -0.015044014 -0.04045085 3.8216039
1.95 -0.078015074 1.4378851 -0.022699525 -0.99853134 -0.054177135 -1.2762527 1.3728726 1.3748275 -1.1982376 -0.065012562 -0.022699525 2.3999838
2 -0.13784191 1.4333875 -3.6739404e-17 -0.99540796 -0.095723548 -1.3323315 1.3185192 1.3975271 -1.1944895 -0.11486826 0 1.3017082
2.05 -0.19742947 1.4264016 0.022699525 -0.99055669 -0.1371038 -1.3860975 1.2618771 1.4202266 -1.188668 -0.16452456 0.022699525 2.3999838
2.1 -0.25667432 1.4169398 0.04045085 -0.98398595 -0.17824606 -1.4374575 1.2030445 1.4379779 -1.1807831 -0.21389527 0.04045085 3.8216039
2.15 -0.31547362 1.4050183 0.049384417 -0.97570715 -0.2190789 -1.4863222 1.1421236 1.4469115 -1.1708486 -0.26289468 0.049384417 4.5756734
2.2 -0.3737253 1.3906579 0.047552826 -0.96573465 -0.25953146 -1.5326069 1.0792201 1.4450799 -1.1588816 -0.31143775 0.047552826 4.4199455
2.25 -0.43132825 1.3738835 0.035355339 -0.95408578 -0.29953351 -1.5762312 1.0144433 1.4328824 -1.1449029 -0.35944021 0.035355339 3.3995542
2.3 -0.48818247 1.3547243 0.01545085 -0.94078075 -0.3390156 -1.6171194 0.94790555 1.4129779 -1.1289369 -0.40681873 0.01545085 1.8915652
2.35 -0.54418928 1.3332134 -0.0078217233 -0.92584266 -0.37790922 -1.6552005 0.87972236 1.3897053 -1.1110112 -0.45349106 -0.0078217233 1.475517
2.4 -0.59925144 1.3093883 -0.029389263 -0.90929743 -0.41614684 -1.6904084 0.81001209 1.3681378 -1.0911569 -0.4993762 -0.029389263 2.9170672
2.45 -0.6532734 1.2832903 -0.044550326 -0.89117379 -0.45366208 -1.7226819 0.73889575 1.3529767 -1.0694085 -0.5443945 -0.044550326 4.1658151
2.5 -0.70616136 1.2549646 -0.05 -0.87150319 -0.49038983 -1.7519652 0.6664968 1.3475271 -1.0458038 -0.5884678 -0.05 4.6281198
2.55 -0.75782352 1.2244605 -0.044550326 -0.85031979 -0.52626633 -1.7782073 0.5929409 1.3529767 -1.0203837 -0.6315196 -0.044550326 4.1658151
2.6 -0.80817021 1.1918309 -0.029389263 -0.82766035 -0.56122931 -1.8013626 0.51835573 1.3681378 -0.99319242 -0.67347518 -0.029389263 2.9170672
2.65 -0.85711403 1.1571325 -0.0078217233 -0.80356421 -0.59521808 -1.8213911 0.44287077 1.3897053 -0.96427705 -0.71426169 -0.0078217233 1.475517
2.7 -0.90457002 1.1204254 0.01545085 -0.7780732 -0.62817362 -1.8382579 0.36661706 1.4129779 -0.93368784 -0.75380835 0.01545085 1.8915652
2.75 -0.9504558 1.0817734 0.035355339 -0.75123156 -0.66003875 -1.8519337 0.28972694 1.4328824 -0.90147787 -0.7920465 0.035355339 3.3995542
2.8 -0.99469172 1.0412437 0.047552826 -0.72308588 -0.69075814 -1.8623948 0.2123339 1.4450799 -0.86770306 -0.82890977 0.047552826 4.4199455
2.85 -1.037201 0.99890645 0.049384417 -0.69368503 -0.72027847 -1.869623 0.13457228 1.4469115 -0.83242204 -0.86433417 0.049384417 4.5756734
2.9 -1.0779098 0.95483526 0.04045085 -0.66308004 -0.7485485 -1.8736059 0.05657706 1.4379779 -0.79569605 -0.8982582 0.04045085 3.8216039
2.95 -1.1167476 0.90910661 0.022699525 -0.63132404 -0.77551915 -1.8743364 -0.02151637 1.4202266 -0.75758885 -0.93062299 0.022699525 2.3999838
3 -1.1536468 0.86179989 5.5109106e-17 -0.59847214 -0.80114362 -1.8718134 -0.099572451 1.3975271 -0.71816657 -0.96137234 0 1.3017082
3.05 -1.1885435 0.8129972 -0.022699525 -0.56458139 -0.8253774 -1.8660411 -0.17745569 1.3748275 -0.67749766 -0.99045288 -0.022699525 2.3999838
3.1 -1.221377 0.76278326 -0.04045085 -0.52971059 -0.84817845 -1.8570297 -0.25503089 1.3570762 -0.63565271 -1.0178141 -0.04045085 3.8216039
3.15 -1.2520903 0.71124523 -0.049384417 -0.4939203 -0.86950718 -1.8447947 -0.33216339 1.3481426 -0.59270436 -1.0434086 -0.049384417 4.5756734
3.2 -1.2806303 0.65847258 -0.047552826 -0.45727263 -0.88932657 -1.8293574 -0.4087193 1.3499742 -0.54872715 -1.0671919 -0.047552826 4.4199455
3.25 -1.3069472 0.60455692 -0.035355339 -0.41983119 -0.90760221 -1.8107446 -0.48456573 1.3621717 -0.50379743 -1.0891227 -0.035355339 3.3995542
3.3 -1.3309954 0.54959183 -0.01545085 -0.38166099 -0.92430238 -1.7889886 -0.55957103 1.3820762 -0.45799319 -1.1091629 -0.01545085 1.8915652
3.35 -1.3527332 0.49367272 0.0078217233 -0.34282828 -0.93939809 -1.7641272 -0.63360498 1.4053488 -0.41139394 -1.1272777 0.0078217233 1.475517
3.4 -1.3721229 0.43689667 0.029389263 -0.30340047 -0.95286314 -1.7362035 -0.70653909 1.4269163 -0.36408056 -1.1434358 0.029389263 2.9170672
3.45 -1.3891308 0.37936223 0.044550326 -0.26344599 -0.96467415 -1.705266 -0.77824675 1.4420774 -0.31613519 -1.157609 0.044550326 4.1658151
3.5 -1.4037273 0.32116927 0.05 -0.22303421 -0.97481062 -1.6713683 -0.84860347 1.4475271 -0.26764106 -1.1697727 0.05 4.6281198
3.55 -1.4158871 0.2624188 0.044550326 -0.18223528 -0.98325495 -1.6345695 -0.91748714 1.4420774 -0.21868233 -1.1799059 0.044550326 4.1658151
3.6 -1.4255892 0.20321281 0.029389263 -0.14112001 -0.9899925 -1.5949332 -0.98477818 1.4269163 -0.16934401 -1.187991 0.029389263 2.9170672
3.65 -1.4328166 0.14365407 0.0078217233 -0.099759773 -0.99501155 -1.5525284 -1.0503598 1.4053488 -0.11971173 -1.1940139 0.0078217233 1.475517
3.7 -1.4375569 0.083845971 -0.01545085 -0.058226369 -0.99830341 -1.5074285 -1.1141181 1.3820762 -0.069871643 -1.1979641 -0.01545085 1.8915652
3.75 -1.4398018 0.023892325 -0.035355339 -0.016591892 -0.99986235 -1.459712 -1.1759425 1.3621717 -0.019910271 -1.1998348 -0.035355339 3.3995542
3.8 -1.4395474 -0.036102796 -0.047552826 0.025071386 -0.99968566 -1.4094617 -1.2357256 1.3499742 0.030085663 -1.1996228 -0.047552826 4.4199455
3.85 -1.4367941 -0.096035247 -0.049384417 0.066691143 -0.99777367 -1.3567647 -1.2933636 1.3481426 0.080029372 -1.1973284 -0.049384417 4.5756734
3.9 -1.4315467 -0.15580099 -0.04045085 0.10819513 -0.99412968 -1.3017126 -1.3487566 1.3570762 0.12983416 -1.1929556 -0.04045085 3.8216039
3.95 -1.4238144 -0.21529629 -0.022699525 0.14951131 -0.98876001 -1.2444008 -1.4018083 1.3748275 0.17941358 -1.186512 -0.022699525 2.3999838
4 -1.4136106 -0.27441787 -7.3478808e-17 0.19056796 -0.981674 -1.184929 -1.4524267 1.3975271 0.22868156 -1.1780088 0 1.3017082
4.05 -1.4009529 -0.33306309 0.022699525 0.23129381 -0.97288395 -1.1234003 -1.5005238 1.4202266 0.27755257 -1.1674607 0.022699525 2.3999838
4.1 -1.3858633 -0.39113016 0.04045085 0.27161817 -0.9624051 -1.0599215 -1.5460163 1.4379779 0.3259418 -1.1548861 0.04045085 3.8216039
4.15 -1.3683681 -0.44851829 0.049384417 0.31147103 -0.95025565 -0.99460289 -1.5888251 1.4469115 0.37376524 -1.1403068 0.049384417 4.5756734
4.2 -1.3484976 -0.50512785 0.047552826 0.35078323 -0.93645669 -0.92755776 -1.6288759 1.4450799 0.42093987 -1.123748 0.047552826 4.4199455
4.25 -1.3262863 -0.56086058 0.035355339 0.38948651 -0.92103217 -0.85890251 -1.6660992 1.4328824 0.46738381 -1.1052386 0.035355339 3.3995542
4.3 -1.3017728 -0.61561973 0.01545085 0.4275137 -0.90400887 -0.78875633 -1.7004304 1.4129779 0.51301644 -1.0848106 0.01545085 1.8915652
4.35 -1.2749995 -0.66931025 -0.0078217233 0.46479879 -0.88541634 -0.71724098 -1.7318099 1.3897053 0.55775855 -1.0624996 -0.0078217233 1.475517
4.4 -1.2460131 -0.72183895 -0.029389263 0.50127705 -0.86528684 -0.6444806 -1.7601832 1.3681378 0.60153246 -1.0383442 -0.029389263 2.9170672
4.45 -1.2148637 -0.77311463 -0.044550326 0.53688516 -0.84365533 -0.57060149 -1.785501 1.3529767 0.64426219 -1.0123864 -0.044550326 4.1658151
4.5 -1.1816055 -0.8230483 -0.05 0.57156132 -0.82055936 -0.49573189 -1.8077195 1.3475271 0.68587358 -0.98467123 -0.05 4.6281198
4.55 -1.1462962 -0.87155327 -0.044550326 0.60524532 -0.796039 -0.42000178 -1.8268001 1.3529767 0.72629439 -0.95524681 -0.044550326 4.1658151
4.6 -1.108997 -0.91854534 -0.029389263 0.63787871 -0.77013684 -0.3435426 -1.8427095 1.3681378 0.76545445 -0.92416421 -0.029389263 2.9170672
4.65 -1.0697729 -0.96394295 -0.0078217233 0.66940483 -0.74289783 -0.26648708 -1.8554203 1.3897053 0.80328579 -0.89147739 -0.0078217233 1.475517
4.7 -1.0286917 -1.0076673 0.01545085 0.69976895 -0.71436924 -0.18896897 -1.8649104 1.4129779 0.83972274 -0.85724309 0.01545085 1.8915652
4.75 -0.98582489 -1.0496425 0.035355339 0.72891837 -0.68460062 -0.11112284 -1.8711632 1.4328824 0.87470205 -0.82152074 0.035355339 3.3995542
4.8 -0.94124681 -1.0897956 0.047552826 0.7568025 -0.65364362 -0.03308382 -1.8741679 1.4450799 0.90816299 -0.78437235 0.047552826 4.4199455
4.85 -0.89503487 -1.128057 0.049384417 0.78337291 -0.62155199 0.045012632 -1.8739194 1.4469115 0.9400475 -0.74586239 0.049384417 4.5756734
4.9 -0.84726926 -1.1643603 0.04045085 0.80858351 -0.58838143 0.12303095 -1.870418 1.4379779 0.97030021 -0.70605772 0.04045085 3.8216039
4.95 -0.79803292 -1.1986423 0.022699525 0.83239051 -0.55418953 0.2008357 -1.8636698 1.4202266 0.99886862 -0.66502743 0.022699525 2.3999838
5 -0.7474113 -1.2308438 2.6948419e-16 0.85475261 -0.51903563 0.27829183 -1.8536865 1.3975271 1.0257031 -0.62284275 2.220446e-16 1.3017082
5.05 -0.69549228 -1.2609086 -0.022699525 0.87563097 -0.48298075 0.35526488 -1.8404855 1.3748275 1.0507572 -0.5795769 -0.022699525 2.3999838
5.1 -0.64236599 -1.2887847 -0.04045085 0.89498936 -0.44608749 0.43162124 -1.8240897 1.3570762 1.0739872 -0.53530499 -0.04045085 3.8216039
5.15 -0.58812463 -1.3144236 -0.049384417 0.91279417 -0.40841988 0.50722837 -1.8045275 1.3481426 1.095353 -0.49010386 -0.049384417 4.5756734
5.2 -0.53286238 -1.3377809 -0.047552826 0.9290145 -0.37004332 0.58195503 -1.7818329 1.3499742 1.1148174 -0.44405198 -0.047552826 4.4199455
5.25 -0.47667515 -1.358816 -0.035355339 0.94362219 -0.33102441 0.65567148 -1.7560452 1.3621717 1.1323466 -0.39722929 -0.035355339 3.3995542
5.3 -0.41966048 -1.3774923 -0.01545085 0.95659189 -0.29143089 0.72824979 -1.7272094 1.3820762 1.1479103 -0.34971706 -0.01545085 1.8915652
5.35 -0.36191733 -1.3937775 0.0078217233 0.96790107 -0.25133148 0.79956396 -1.6953753 1.4053488 1.1614813 -0.30159778 0.0078217233 1.475517
5.4 -0.30354595 -1.4076434 0.029389263 0.97753012 -0.2107958 0.86949019 -1.6605983 1.4269163 1.1730361 -0.25295496 0.029389263 2.9170672
5.45 -0.24464766 -1.4190657 0.044550326 0.98546231 -0.16989421 0.93790711 -1.6229388 1.4420774 1.1825548 -0.20387305 0.044550326 4.1658151
5.5 -0.18532469 -1.4280248 0.05 0.99168387 -0.1286977 1.004696 -1.582462 1.4475271 1.1900206 -0.15443724 0.05 4.6281198
5.55 -0.12568002 -1.434505 0.044550326 0.99618401 -0.087277794 1.0697408 -1.5392383 1.4420774 1.1954208 -0.10473335 0.044550326 4.1658151
5.6 -0.065817194 -1.4384951 0.029389263 0.99895492 -0.045706385 1.1329287 -1.4933427 1.4269163 1.1987459 -0.054847662 0.029389263 2.9170672
5.65 -0.0058401157 -1.4399882 0.0078217233 0.99999178 -0.0040556359 1.19415 -1.4448549 1.4053488 1.1999901 -0.0048667631 0.0078217233 1.475517
5.7 0.0541471 -1.4389816 -0.01545085 0.99929279 0.037602153 1.2532984 -1.393859 1.3820762 1.1991513 0.045122583 -0.01545085 1.8915652
5.75 0.11404032 -1.4354772 -0.035355339 0.99685917 0.07919467 1.3102713 -1.3404436 1.3621717 1.196231 0.095033604 -0.035355339 3.3995542
5.8 0.17373559 -1.429481 -0.047552826 0.99269514 0.12064972 1.3649698 -1.2847013 1.3499742 1.1912342 0.14477966 -0.047552826 4.4199455
5.85 0.23312928 -1.4210034 -0.049384417 0.98680794 0.16189533 1.4172988 -1.226729 1.3481426 1.1841695 0.1942744 -0.049384417 4.5756734
5.9 0.29211828 -1.4100592 -0.04045085 0.97920777 0.20285992 1.4671676 -1.1666273 1.3570762 1.1750493 0.2434319 -0.04045085 3.8216039
5.95 0.35060021 -1.3966673 -0.022699525 0.96990783 0.24347237 1.5144896 -1.1045004 1.3748275 1.1638894 0.29216684 -0.022699525 2.3999838
6 0.40847355 -1.380851 -1.1021821e-16 0.95892427 0.28366219 1.5591827 -1.0404563 1.3975271 1.1507091 0.34039462 0 1.3017082
6.05 0.46563783 -1.3626377 0.022699525 0.94627616 0.3233596 1.6011692 -0.97460614 1.4202266 1.1355314 0.38803153 0.022699525 2.3999838
6.1 0.52199383 -1.342059 0.04045085 0.93198544 0.36249572 1.6403764 -0.90706417 1.4379779 1.1183825 0.43499486 0.04045085 3.8216039
6.15 0.57744373 -1.3191508 0.049384417 0.91607692 0.40100259 1.676736 -0.83794766 1.4469115 1.0992923 0.4812031 0.049384417 4.5756734
6.2 0.63189126 -1.2939526 0.047552826 0.89857822 0.43881337 1.7101851 -0.76737659 1.4450799 1.0782939 0.52657605 0.047552826 4.4199455
6.25 0.68524191 -1.2665084 0.035355339 0.87951972 0.47586244 1.7406656 -0.69547347 1.4328824 1.0554237 0.57103493 0.035355339 3.3995542
6.3 0.73740309 -1.2368657 0.01545085 0.85893449 0.51208548 1.7681245 -0.6223631 1.4129779 1.0307214 0.61450257 0.01545085 1.8915652
6.35 0.78828423 -1.2050759 -0.0078217233 0.83685828 0.54741961 1.7925142 -0.54817239 1.3897053 1.0042299 0.65690353 -0.0078217233 1.475517
6.4 0.83779703 -1.1711943 -0.029389263 0.81332939 0.58180349 1.8137923 -0.47303014 1.3681378 0.97599527 0.69816419 -0.029389263 2.9170672
6.45 0.88585552 -1.1352797 -0.044550326 0.78838868 0.61517744 1.8319219 -0.39706677 1.3529767 0.94606642 0.73821293 -0.044550326 4.1658151
6.5 0.93237629 -1.0973944 -0.05 0.76207944 0.64748354 1.8468716 -0.32041414 1.3475271 0.91449532 0.77698025 -0.05 4.6281198
6.55 0.97727859 -1.0576042 -0.044550326 0.73444733 0.67866569 1.8586154 -0.24320533 1.3529767 0.8813368 0.81439883 -0.044550326 4.1658151
6.6 1.0204845 -1.0159781 -0.029389263 0.70554033 0.70866977 1.8671329 -0.16557434 1.3681378 0.84664839 0.85040373 -0.029389263 2.9170672
6.65 1.0619189 -0.97258839 -0.0078217233 0.6754086 0.73744371 1.8724093 -0.087655939 1.3897053 0.81049032 0.88493245 -0.0078217233 1.475517
6.7 1.1015101 -0.92751043 0.01545085 0.64410446 0.76493754 1.8744354 -0.0095853795 1.4129779 0.77292536 0.91792505 0.01545085 1.8915652
6.75 1.1391891 -0.88082244 0.035355339 0.61168225 0.79110355 1.8732078 0.068501819 1.4328824 0.7340187 0.94932426 0.035355339 3.3995542
6.8 1.1748907 -0.83260547 0.047552826 0.57819824 0.81589631 1.8687286 0.14647011 1.4450799 0.69383789 0.97907558 0.047552826 4.4199455
6.85 1.2085528 -0.78294321 0.049384417 0.54371056 0.83927279 1.8610055 0.22418414 1.4469115 0.65245267 1.0071274 0.049384417 4.5756734
6.9 1.2401171 -0.73192187 0.04045085 0.50827908 0.86119242 1.850052 0.30150903 1.4379779 0.60993489 1.0334309 0.04045085 3.8216039
6.95 1.2695287 -0.67963002 0.022699525 0.47196529 0.88161713 1.835887 0.37831054 1.4202266 0.56635835 1.0579406 0.022699525 2.3999838
7 1.2967365 -0.62615843 -4.904777e-17 0.43483224 0.90051148 1.8185352 0.45445535 1.3975271 0.52179869 1.0806138 0 1.3017082
7.05 1.3216934 -0.57159991 -0.022699525 0.39694438 0.91784267 1.7980267 0.52981129 1.3748275 0.47633326 1.1014112 -0.022699525 2.3999838
7.1 1.3443561 -0.51604917 -0.04045085 0.35836748 0.93358061 1.7743971 0.60424756 1.3570762 0.43004098 1.1202967 -0.04045085 3.8216039
7.15 1.3646851 -0.45960265 -0.049384417 0.31916851 0.94769798 1.7476873 0.67763493 1.3481426 0.38300221 1.1372376 -0.049384417 4.5756734
7.2 1.3826452 -0.40235832 -0.047552826 0.2794155 0.96017029 1.7179438 0.74984603 1.3499742 0.3352986 1.1522043 -0.047552826 4.4199455
7.25 1.3982053 -0.34441555 -0.035355339 0.23917746 0.97097587 1.6852182 0.82075549 1.3621717 0.28701296 1.165171 -0.035355339 3.3995542
7.3 1.4113382 -0.28587492 -0.01545085 0.19852425 0.98009598 1.6495673 0.89024025 1.3820762 0.2382291 1.1761152 -0.01545085 1.8915652
7.35 1.4220213 -0.22683806 0.0078217233 0.15752643 0.98751477 1.611053 0.95817966 1.4053488 0.18903172 1.1850177 0.0078217233 1.475517
7.4 1.4302359 -0.16740744 0.029389263 0.11625517 0.99321938 1.5697421 1.0244558 1.4269163 0.1395062 1.1918633 0.029389263 2.9170672
7.45 1.4359679 -0.10768622 0.044550326 0.074782096 0.9971999 1.5257064 1.0889537 1.4420774 0.089738516 1.1966399 0.044550326 4.1658151
7.5 1.4392072 -0.047778072 0.05 0.033179217 0.99944942 1.4790222 1.1515612 1.4475271 0.03981506 1.1993393 0.05 4.6281198
7.55 1.4399482 0.012213011 0.044550326 -0.0084812578 0.99996403 1.4297707 1.2121699 1.4420774 -0.010177509 1.1999568 0.044550326 4.1658151
7.6 1.4381897 0.072182894 0.029389263 -0.05012701 0.99874285 1.3780373 1.2706743 1.4269163 -0.060152412 1.1984914 0.029389263 2.9170672
7.65 1.4339347 0.13202748 0.0078217233 -0.091685748 0.99578799 1.3239118 1.3269731 1.4053488 -0.1100229 1.1949456 0.0078217233 1.475517
7.7 1.4271906 0.19164288 -0.01545085 -0.13308533 0.99110458 1.2674882 1.3809684 1.3820762 -0.1597024 1.1893255 -0.01545085 1.8915652
7.75 1.4179691 0.25092562 -0.035355339 -0.1742539 0.98470076 1.2088644 1.4325665 1.3621717 -0.20910468 1.1816409 -0.035355339 3.3995542
7.8 1.4062862 0.30977278 -0.047552826 -0.21511999 0.97658763 1.1481422 1.4816779 1.3499742 -0.25814399 1.1719052 -0.047552826 4.4199455
7.85 1.3921622 0.36808223 -0.049384417 -0.25561266 0.96677928 1.085427 1.5282174 1.3481426 -0.30673519 1.1601351 -0.049384417 4.5756734
7.9 1.3756215 0.42575273 -0.04045085 -0.29566162 0.95529273 1.0208276 1.572104 1.3570762 -0.35479394 1.1463513 -0.04045085 3.8216039
7.95 1.356693 0.48268419 -0.022699525 -0.33519735 0.94214794 0.95445621 1.6132617 1.3748275 -0.40223682 1.1305775 -0.022699525 2.3999838
8 1.3354095 0.53877777 -1.4695762e-16 -0.37415123 0.9273677 0.88642802 1.651619 1.3975271 -0.44898148 1.1128412 -2.220446e-16 1.3017082
8.05 1.3118079 0.59393611 0.022699525 -0.41245563 0.91097769 0.81686111 1.6871093 1.4202266 -0.49494676 1.0931732 0.022699525 2.3999838
8.1 1.2859291 0.64806347 0.04045085 -0.45004407 0.89300634 0.74587625 1.7196711 1.4379779 -0.54005289 1.0716076 0.04045085 3.8216039
8.15 1.2578182 0.70106587 0.049384417 -0.4868513 0.87348487 0.67359665 1.7492477 1.4469115 -0.58422156 1.0481818 0.049384417 4.5756734
8.2 1.2275239 0.75285132 0.047552826 -0.52281342 0.85244714 0.60014778 1.7757879 1.4450799 -0.6273761 1.0229366 0.047552826 4.4199455
8.25 1.1950987 0.80332993 0.035355339 -0.55786801 0.82992969 0.52565714 1.7992456 1.4328824 -0.66944161 0.99591562 0.035355339 3.3995542
8.3 1.1605991 0.85241407 0.01545085 -0.59195422 0.80597159 0.45025403 1.81958 1.4129779 -0.71034506 0.96716591 0.01545085 1.8915652
8.35 1.1240848 0.90001854 -0.0078217233 -0.62501287 0.78061444 0.37406935 1.8367559 1.3897053 -0.75001545 0.93673733 -0.0078217233 1.475517
8.4 1.0856192 0.9460607 -0.029389263 -0.6569866 0.75390225 0.29723533 1.8507434 1.3681378 -0.78838392 0.90468271 -0.029389263 2.9170672
8.45 1.0452692 0.99046064 -0.044550326 -0.68781989 0.7258814 0.21988535 1.8615183 1.3529767 -0.82538386 0.87105768 -0.044550326 4.1658151
8.5 1.0031047 1.0331413 -0.05 -0.71745921 0.69660051 0.14215368 1.8690619 1.3475271 -0.86095106 0.83592062 -0.05 4.6281198
8.55 0.95919902 1.0740285 -0.044550326 -0.74585313 0.66611043 0.064175258 1.873361 1.3529767 -0.89502376 0.79933251 -0.044550326 4.1658151
8.6 0.91362826 1.1130514 -0.029389263 -0.77295236 0.63446407 -0.013914567 1.8744083 1.3681378 -0.92754283 0.76135688 -0.029389263 2.9170672
8.65 0.86647157 1.1501422 -0.0078217233 -0.79870984 0.60171637 -0.091980239 1.8722018 1.3897053 -0.95845181 0.72205964 -0.0078217233 1.475517
8.7 0.81781081 1.1852365 0.01545085 -0.82308088 0.56792417 -0.16988625 1.8667455 1.4129779 -0.98769705 0.68150901 0.01545085 1.8915652
8.75 0.76773044 1.2182734 0.035355339 -0.84602316 0.53314614 -0.24749735 1.8580487 1.4328824 -1.0152278 0.63977537 0.035355339 3.3995542
8.8 0.7163174 1.2491955 0.047552826 -0.86749687 0.49744264 -0.32467884 1.8461267 1.4450799 -1.0409962 0.59693117 0.047552826 4.4199455
8.85 0.66366094 1.2779492 0.049384417 -0.88746472 0.46087565 -0.40129673 1.831 1.4469115 -1.0649577 0.55305078 0.049384417 4.5756734
8.9 0.60985245 1.3044846 0.04045085 -0.90589206 0.42350864 -0.47721803 1.8126949 1.4379779 -1.0870705 0.50821037 0.04045085 3.8216039
8.95 0.55498534 1.3287555 0.022699525 -0.9227469 0.38540649 -0.55231094 1.7912433 1.4202266 -1.1072963 0.46248778 0.022699525 2.3999838
9 0.49915486 1.35072 3.42963e-16 -0.93799998 0.34663532 -0.62644511 1.7666823 1.3975271 -1.1256 0.41596238 4.4408921e-16 1.3017082
9.05 0.44245791 1.3703397 -0.022699525 -0.95162482 0.30726244 -0.69949187 1.7390547 1.3748275 -1.1419498 0.36871493 -0.022699525 2.3999838
9.1 0.38499292 1.3875808 -0.04045085 -0.96359777 0.26735619 -0.77132441 1.7084082 1.3570762 -1.1563173 0.32082743 -0.04045085 3.8216039
9.15 0.32685963 1.4024132 -0.049384417 -0.97389805 0.22698586 -0.84181803 1.6747962 1.3481426 -1.1686777 0.27238303 -0.049384417 4.5756734
9.2 0.26815897 1.4148112 -0.047552826 -0.98250779 0.1862215 -0.91085038 1.638277 1.3499742 -1.1790093 0.2234658 -0.047552826 4.4199455
9.25 0.20899281 1.4247533 -0.035355339 -0.98941202 0.1451339 -0.97830162 1.598914 1.3621717 -1.1872944 0.17416068 -0.035355339 3.3995542
9.3 0.14946387 1.4322222 -0.01545085 -0.99459878 0.10379436 -1.0440547 1.5567755 1.3820762 -1.1935185 0.12455323 -0.01545085 1.8915652
9.35 0.089675489 1.437205 0.0078217233 -0.99805905 0.062274645 -1.1079954 1.5119346 1.4053488 -1.1976709 0.074729574 0.0078217233 1.475517
9.4 0.02973144 1.439693 0.029389263 -0.99978683 0.020646833 -1.1700128 1.4644692 1.4269163 -1.1997442 0.0247762 0.029389263 2.9170672
9.45 -0.030264219 1.4396819 0.044550326 -0.99977912 -0.021016819 -1.2299992 1.4144618 1.4420774 -1.1997349 -0.025220182 0.044550326 4.1658151
9.5 -0.090207343 1.4371717 0.05 -0.99803594 -0.062643988 -1.2878505 1.361999 1.4475271 -1.1976431 -0.075172786 0.05 4.6281198
9.55 -0.14999388 1.4321668 0.044550326 -0.9945603 -0.10416242 -1.3434662 1.3071719 1.4420774 -1.1934724 -0.1249949 0.044550326 4.1658151
9.6 -0.20952005 1.4246759 0.029389263 -0.98935825 -0.14550003 -1.3967499 1.2500758 1.4269163 -1.1872299 -0.17460004 0.029389263 2.9170672
9.65 -0.26868252 1.4147119 0.0078217233 -0.98243881 -0.18658508 -1.4476091 1.1908098 1.4053488 -1.1789266 -0.2239021 0.0078217233 1.475517
9.7 -0.3273786 1.4022921 -0.01545085 -0.97381399 -0.22734625 -1.4959554 1.1294766 1.3820762 -1.1685768 -0.2728155 -0.01545085 1.8915652
9.75 -0.38550639 1.3874382 -0.035355339 -0.96349877 -0.26771277 -1.5417049 1.0661829 1.3621717 -1.1561985 -0.32125532 -0.035355339 3.3995542
9.8 -0.442965 1.3701759 -0.047552826 -0.95151105 -0.30761458 -1.5847783 1.0010384 1.3499742 -1.1418133 -0.3691375 -0.047552826 4.4199455
9.85 -0.49965468 1.3505352 -0.049384417 -0.93787163 -0.34698242 -1.6251006 0.93415626 1.3481426 -1.125446 -0.4163789 -0.049384417 4.5756734
9.9 -0.55547703 1.3285501 -0.04045085 -0.92260421 -0.38574794 -1.6626021 0.86565254 1.3570762 -1.1071251 -0.46289752 -0.04045085 3.8216039
9.95 -0.61033515 1.3042588 -0.022699525 -0.90573527 -0.42384386 -1.6972175 0.79564617 1.3748275 -1.0868823 -0.50861263 -0.022699525 2.3999838
10 -0.66413382 1.2777035 -5.3896839e-16 -0.88729411 -0.46120404 -1.7288867 0.72425867 1.3975271 -1.0647529 -0.55344485 -4.4408921e-16 1.3017082
10.05 -0.71677964 1.2489303 0.022699525 -0.86731272 -0.49776364 -1.7575549 0.65161396 1.4202266 -1.0407753 -0.59731637 0.022699525 2.3999838
10.1 -0.76818123 1.2179892 0.04045085 -0.84582581 -0.53345919 -1.7831722 0.57783814 1.4379779 -1.014991 -0.64015103 0.04045085 3.8216039
10.15 -0.81824937 1.1849337 0.049384417 -0.82287065 -0.56822873 -1.8056942 0.50305927 1.4469115 -0.98744478 -0.68187447 0.049384417 4.5756734
10.2 -0.86689714 1.1498214 0.047552826 -0.79848711 -0.6020119 -1.8250817 0.42740716 1.4450799 -0.95818454 -0.72241428 0.047552826 4.4199455
10.25 -0.9140401 1.1127132 0.035355339 -0.77271751 -0.63475007 -1.8413011 0.35101313 1.4328824 -0.92726101 -0.76170008 0.035355339 3.3995542
10.3 -0.95959641 1.0736735 0.01545085 -0.74560658 -0.6663864 -1.8543243 0.27400979 1.4129779 -0.89472789 -0.79966368 0.01545085 1.8915652
10.35 -1.003487 1.03277 -0.0078217233 -0.71720138 -0.69686597 -1.8641287 0.19653081 1.3897053 -0.86064165 -0.83623917 -0.0078217233 1.475517
10.4 -1.0456357 0.99007375 -0.029389263 -0.68755122 -0.72613589 -1.8706971 0.11871069 1.3681378 -0.82506146 -0.87136306 -0.029389263 2.9170672
10.45 -1.0859693 0.94565889 -0.044550326 -0.65670756 -0.75414533 -1.8740183 0.04068449 1.3529767 -0.78804907 -0.9049744 -0.044550326 4.1658151
10.5 -1.1244178 0.89960249 -0.05 -0.62472395 -0.78084568 -1.8740865 -0.037412327 1.3475271 -0.74966874 -0.93701482 -0.05 4.6281198
10.55 -1.1609145 0.85198452 -0.044550326 -0.59165591 -0.8061906 -1.8709016 -0.1154442 1.3529767 -0.7099871 -0.96742872 -0.044550326 4.1658151
10.6 -1.195396 0.80288761 -0.029389263 -0.55756084 -0.83013608 -1.864469 -0.19327568 1.3681378 -0.66907301 -0.99616329 -0.029389263 2.9170672
10.65 -1.2278024 0.75239701 -0.0078217233 -0.52249792 -0.85264056 -1.8547999 -0.27077166 1.3897053 -0.62699751 -1.0231687 -0.0078217233 1.475517
10.7 -1.2580776 0.70060035 0.01545085 -0.48652802 -0.87366497 -1.8419112 -0.34779762 1.4129779 -0.58383362 -1.048398 0.01545085 1.8915652
10.75 -1.2861689 0.64758754 0.035355339 -0.44971357 -0.89317283 -1.8258252 -0.42421985 1.4328824 -0.53965629 -1.0718074 0.035355339 3.3995542
10.8 -1.3120276 0.59345062 0.047552826 -0.41211849 -0.91113026 -1.8065698 -0.4999057 1.4450799 -0.49454218 -1.0933563 0.047552826 4.4199455
10.85 -1.3356088 0.53828355 0.049384417 -0.37380802 -0.9275061 -1.7841784 -0.57472377 1.4469115 -0.44856962 -1.1130073 0.049384417 4.5756734
10.9 -1.3568716 0.48218209 0.04045085 -0.33484867 -0.94227192 -1.75869 -0.64854421 1.4379779 -0.40181841 -1.1307263 0.04045085 3.8216039
10.95 -1.375779 0.42524363 0.022699525 -0.29530808 -0.95540208 -1.7301487 -0.72123887 1.4202266 -0.35436969 -1.1464825 0.022699525 2.3999838
11 -1.3922983 0.36756701 2.4431038e-17 -0.25525487 -0.9668738 -1.6986041 -0.79268155 1.3975271 -0.30630584 -1.1602486 0 1.3017082
11.05 -1.4064007 0.30925234 -0.022699525 -0.21475857 -0.97666717 -1.664111 -0.86274826 1.3748275 -0.25771029 -1.1720006 -0.022699525 2.3999838
11.1 -1.4180618 0.25040086 -0.04045085 -0.17388949 -0.98476517 -1.6267292 -0.93131735 1.3570762 -0.20866738 -1.1817182 -0.04045085 3.8216039
11.15 -1.4272614 0.19111471 -0.049384417 -0.13271855 -0.99115377 -1.5865237 -0.9982698 1.3481426 -0.15926226 -1.1893845 -0.049384417 4.5756734
11.2 -1.4339835 0.13149682 -0.047552826 -0.091317236 -0.99582185 -1.5435642 -1.0634894 1.3499742 -0.10958068 -1.1949862 -0.047552826 4.4199455
11.25 -1.4382163 0.071650665 -0.035355339 -0.049757406 -0.99876133 -1.4979252 -1.1268629 1.3621717 -0.059708888 -1.1985136 -0.035355339 3.3995542
11.3 -1.4399526 0.011680135 -0.01545085 -0.0081112052 -0.9999671 -1.4496861 -1.1882804 1.3820762 -0.0097334462 -1.1999605 -0.01545085 1.8915652
11.35 -1.4391894 -0.048310669 0.0078217233 0.033549076 -0.99943707 -1.3989305 -1.2476352 1.4053488 0.040258891 -1.1993245 0.0078217233 1.475517
11.4 -1.4359279 -0.10821761 0.029389263 0.07515112 -0.99717216 -1.3457466 -1.3048242 1.4269163 0.090181345 -1.1966066 0.029389263 2.9170672
11.45 -1.4301739 -0.16793671 0.044550326 0.11662271 -0.99317629 -1.2902266 -1.3597483 1.4420774 0.13994726 -1.1918115 0.044550326 4.1658151
11.5 -1.4219372 -0.22736429 0.05 0.15789187 -0.98745641 -1.232467 -1.412312 1.4475271 0.18947024 -1.1849477 0.05 4.6281198
11.55 -1.4112323 -0.28639719 0.044550326 0.19888694 -0.98002244 -1.172568 -1.4624241 1.4420774 0.23866433 -1.1760269 0.044550326 4.1658151
11.6 -1.3980777 -0.34493295 0.029389263 0.23953677 -0.97088729 -1.1106336 -1.5099977 1.4269163 0.28744413 -1.1650648 0.029389263 2.9170672
11.65 -1.3824962 -0.40286996 0.0078217233 0.2797708 -0.96006682 -1.0467713 -1.5549501 1.4053488 0.33572497 -1.1520802 0.0078217233 1.475517
11.7 -1.3645149 -0.46010764 -0.01545085 0.31951919 -0.9475798 -0.98109189 -1.5972034 1.3820762 0.38342303 -1.1370958 -0.01545085 1.8915652
11.75 -1.344165 -0.51654664 -0.035355339 0.35871294 -0.93344792 -0.91370948 -1.6366841 1.3621717 0.43045553 -1.1201375 -0.035355339 3.3995542
11.8 -1.3214818 -0.57208898 -0.047552826 0.39728401 -0.91769571 -0.844741 -1.6733238 1.3499742 0.47674082 -1.1012348 -0.047552826 4.4199455
11.85 -1.2965047 -0.62663826 -0.049384417 0.43516546 -0.9003505 -0.77430617 -1.7070589 1.3481426 0.52219855 -1.0804206 -0.049384417 4.5756734
11.9 -1.2692771 -0.68009978 -0.04045085 0.47229152 -0.88144241 -0.70252725 -1.7378307 1.3570762 0.56674982 -1.0577309 -0.04045085 3.8216039
11.95 -1.2398461 -0.73238075 -0.022699525 0.50859774 -0.86100426 -0.62952885 -1.7655859 1.3748275 0.61031729 -1.0332051 -0.022699525 2.3999838
12 -1.208263 -0.7833904 -2.2043642e-16 0.54402111 -0.83907153 -0.55543767 -1.7902762 1.3975271 0.65282533 -1.0068858 -2.220446e-16 1.3017082
12.05 -1.1745825 -0.8330402 0.022699525 0.57850014 -0.81568229 -0.48038233 -1.8118589 1.4202266 0.69420016 -0.97881874 0.022699525 2.3999838
12.1 -1.1388631 -0.88124395 0.04045085 0.61197497 -0.79087713 -0.40449311 -1.8302965 1.4379779 0.73436996 -0.94905256 0.04045085 3.8216039
12.15 -1.1011667 -0.92791799 0.049384417 0.6443875 -0.76469913 -0.32790175 -1.8455569 1.4469115 0.773265 -0.91763895 0.049384417 4.5756734
12.2 -1.0615589 -0.9729813 0.047552826 0.67568146 -0.73719371 -0.25074119 -1.8576138 1.4450799 0.81081775 -0.88463245 0.047552826 4.4199455
12.25 -1.0201084 -1.0163556 0.035355339 0.70580253 -0.70840863 -0.17314539 -1.866446 1.4328824 0.84696304 -0.85009036 0.035355339 3.3995542
12.3 -0.97688714 -1.0579657 0.01545085 0.73469843 -0.67839385 -0.095249028 -1.8720384 1.4129779 0.88163812 -0.81407262 0.01545085 1.8915652
12.35 -0.93197012 -1.0977394 -0.0078217233 0.762319 -0.64720147 -0.017187328 -1.8743811 1.3897053 0.91478279 -0.77664177 -0.0078217233 1.475517
12.4 -0.88543533 -1.1356074 -0.029389263 0.78861628 -0.61488565 0.060904206 -1.8734702 1.3681378 0.94633954 -0.73786278 -0.029389263 2.9170672
12.45 -0.83736355 -1.1715043 -0.044550326 0.81354464 -0.58150246 0.13889002 -1.8693072 1.3529767 0.97625357 -0.69780296 -0.044550326 4.1658151
12.5 -0.78783822 -1.2053676 -0.05 0.8370608 -0.54710988 0.21663474 -1.8618994 1.3475271 1.004473 -0.65653185 -0.05 4.6281198
12.55 -0.73694532 -1.2371385 -0.044550326 0.85912394 -0.51176758 0.29400341 -1.8512596 1.3529767 1.0309487 -0.6141211 -0.044550326 4.1658151
12.6 -0.68477318 -1.2667619 -0.029389263 0.87969576 -0.47553693 0.37086174 -1.8374062 1.3681378 1.0556349 -0.57064431 -0.029389263 2.9170672
12.65 -0.63141237 -1.2941864 -0.0078217233 0.89874055 -0.43848081 0.4470763 -1.8203634 1.3897053 1.0784887 -0.52617697 -0.0078217233 1.475517
12.7 -0.57695551 -1.3193644 0.01545085 0.91622526 -0.40066355 0.52251479 -1.8001606 1.4129779 1.0994703 -0.48079626 0.01545085 1.8915652
12.75 -0.52149715 -1.3422521 0.035355339 0.93211952 -0.3621508 0.59704628 -1.7768331 1.4328824 1.1185434 -0.43458096 0.035355339 3.3995542
12.8 -0.46513353 -1.3628099 0.047552826 0.94639576 -0.3230094 0.67054137 -1.7504212 1.4450799 1.1356749 -0.38761128 0.047552826 4.4199455
12.85 -0.40796251 -1.381002 0.049384417 0.95902918 -0.2833073 0.74287251 -1.7209708 1.4469115 1.150835 -0.33996876 0.049384417 4.5756734
12.9 -0.35008333 -1.3967969 0.04045085 0.96999787 -0.24311342 0.81391411 -1.688533 1.4379779 1.1639974 -0.29173611 0.04045085 3.8216039
12.95 -0.29159645 -1.4101672 0.022699525 0.97928277 -0.20249753 0.88354288 -1.6531642 1.4202266 1.1751393 -0.24299704 0.022699525 2.3999838
13 -0.2326034 -1.4210896 4.1644181e-16 0.98686778 -0.16153014 0.95163794 -1.6149258 1.3975271 1.1842413 -0.19383616 4.4408921e-16 1.3017082
13.05 -0.17320658 -1.4295452 -0.022699525 0.99273972 -0.12028235 1.0180811 -1.573884 1.3748275 1.1912877 -0.14433881 -0.022699525 2.3999838
13.1 -0.1135091 -1.4355193 -0.04045085 0.99688841 -0.078825761 1.082757 -1.5301102 1.3570762 1.1962661 -0.094590913 -0.04045085 3.8216039
13.15 -0.053614579 -1.4390016 -0.049384417 0.99930664 -0.037232347 1.1455534 -1.4836804 1.3481426 1.199168 -0.044678816 -0.049384417 4.5756734
13.2 0.0063730051 -1.4399859 -0.047552826 0.99999021 0.004425698 1.2063613 -1.4346751 1.3499742 1.1999882 0.0053108376 -0.047552826 4.4199455
13.25 0.066349527 -1.4384706 -0.035355339 0.99893793 0.04607606 1.265075 -1.3831794 1.3621717 1.1987255 0.055291272 -0.035355339 3.3995542
13.3 0.12621087 -1.4344584 -0.01545085 0.99615165 0.087646441 1.3215928 -1.3292826 1.3820762 1.195382 0.10517573 -0.01545085 1.8915652
13.35 0.18585314 -1.4279561 0.0078217233 0.99163618 0.12906468 1.3758166 -1.2730785 1.4053488 1.1899634 0.15487762 0.0078217233 1.475517
13.4 0.24517279 -1.4189751 0.029389263 0.98539937 0.17025888 1.427652 -1.2146644 1.4269163 1.1824792 0.20431066 0.029389263 2.9170672
13.45 0.30406685 -1.4075309 0.044550326 0.97745204 0.21115754 1.4770093 -1.1541419 1.4420774 1.1729425 0.25338904 0.044550326 4.1658151
13.5 0.3624331 -1.3936435 0.05 0.967808 0.25168965 1.5238027 -1.0916159 1.4475271 1.1613696 0.30202758 0.05 4.6281198
13.55 0.42017021 -1.3773369 0.044550326 0.95648397 0.29178487 1.567951 -1.0271951 1.4420774 1.1477808 0.35014184 0.044550326 4.1658151
13.6 0.47717796 -1.3586395 0.029389263 0.94349963 0.33137359 1.6093775 -0.96099116 1.4269163 1.1321996 0.3976483 0.029389263 2.9170672
13.65 0.53335741 -1.3375836 0.0078217233 0.9288775 0.37038709 1.6480104 -0.89311909 1.4053488 1.114653 0.44446451 0.0078217233 1.475517
13.7 0.58861101 -1.3142059 -0.01545085 0.91264297 0.40875765 1.6837826 -0.82369669 1.3820762 1.0951716 0.49050918 -0.01545085 1.8915652
13.75 0.64284288 -1.2885469 -0.035355339 0.89482422 0.44641866 1.7166319 -0.75284447 1.3621717 1.0737891 0.5357024 -0.035355339 3.3995542
13.8 0.69595885 -1.2606511 -0.047552826 0.87545217 0.48330476 1.7465015 -0.68068542 1.3499742 1.0505426 0.57996571 -0.047552826 4.4199455
13.85 0.74786674 -1.2305671 -0.049384417 0.85456047 0.5193519 1.7733393 -0.60734479 1.3481426 1.0254726 0.62322229 -0.049384417 4.5756734
13.9 0.79847644 -1.1983469 -0.04045085 0.83218537 0.55449753 1.7970989 -0.5329499 1.3570762 0.99862245 0.66539703 -0.04045085 3.8216039
13.95 0.84770009 -1.1640466 -0.022699525 0.80836571 0.58868062 1.817739 -0.45762988 1.3748275 0.97003886 0.70641674 -0.022699525 2.3999838
14 0.89545226 -1.1277257 9.809554e-17 0.78314285 0.62184185 1.8352237 -0.38151548 1.3975271 0.93977142 0.74621022 0 1.3017082
14.05 0.94165005 -1.0894472 0.022699525 0.75656055 0.65392364 1.8495227 -0.30473882 1.4202266 0.90787266 0.78470837 0.022699525 2.3999838
14.1 0.98621326 -1.0492776 0.04045085 0.72866498 0.68487032 1.8606112 -0.22743318 1.4379779 0.87439797 0.82184438 0.04045085 3.8216039
14.15 1.0290645 -1.0072865 0.049384417 0.69950454 0.71462816 1.86847 -0.14973275 1.4469115 0.83940545 0.85755379 0.049384417 4.5756734
14.2 1.0701295 -0.963547 0.047552826 0.66912986 0.7431455 1.8730853 -0.0717724 1.4450799 0.80295583 0.8917746 0.047552826 4.4199455
14.25 1.1093369 -0.91813488 0.035355339 0.63759366 0.77037284 1.8744493 0.0063125352 1.4328824 0.7651124 0.92444741 0.035355339 3.3995542
14.3 1.1466186 -0.871129 0.01545085 0.6049507 0.79626293 1.8725595 0.084386513 1.4129779 0.72594084 0.95551552 0.01545085 1.8915652
14.35 1.18191 -0.82261097 -0.0078217233 0.57125762 0.82077082 1.8674191 0.16231401 1.3897053 0.68550914 0.98492498 -0.0078217233 1.475517
14.4 1.2151497 -0.772665 -0.029389263 0.53657292 0.84385396 1.8590372 0.23995975 1.3681378 0.6438875 1.0126248 -0.029389263 2.9170672
14.45 1.2462801 -0.72137779 -0.044550326 0.5009568 0.86547229 1.8474283 0.31718895 1.3529767 0.60114816 1.0385667 -0.044550326 4.1658151
14.5 1.2752471 -0.66883838 -0.05 0.46447109 0.88558828 1.8326124 0.39386756 1.3475271 0.55736531 1.0627059 -0.05 4.6281198
14.55 1.3020005 -0.61513795 -0.044550326 0.42717913 0.90416701 1.8146155 0.46986247 1.3529767 0.51261496 1.0850004 -0.044550326 4.1658151
14.6 1.3264938 -0.56036973 -0.029389263 0.38914564 0.92117624 1.7934686 0.54504176 1.3681378 0.46697477 1.1054115 -0.029389263 2.9170672
14.65 1.3486845 -0.50462878 -0.0078217233 0.35043665 0.93658644 1.7692085 0.61927494 1.3897053 0.42052398 1.1239037 -0.0078217233 1.475517
14.7 1.368534 -0.44801187 0.01545085 0.31111935 0.95037085 1.7418772 0.69243315 1.4129779 0.37334323 1.140445 0.01545085 1.8915652
14.75 1.386008 -0.39061728 0.035355339 0.271262 0.96250555 1.7115224 0.76438938 1.4328824 0.3255144 1.1550067 0.035355339 3.3995542
14.8 1.401076 -0.33254462 0.047552826 0.23093377 0.97296947 1.6781966 0.83501874 1.4450799 0.27712052 1.1675634 0.047552826 4.4199455
14.85 1.413712 -0.27389472 0.049384417 0.19020467 0.98174446 1.6419576 0.90419863 1.4469115 0.2282456 1.1780934 0.049384417 4.5756734
14.9 1.423894 -0.21476937 0.04045085 0.1491454 0.98881528 1.6028685 0.97180896 1.4379779 0.17897448 1.1865783 0.04045085 3.8216039
14.95 1.4316043 -0.15527122 0.022699525 0.10782723 0.99416965 1.560997 1.0377324 1.4202266 0.12939268 1.1930036 0.022699525 2.3999838
15 1.4368295 -0.095503532 9.7909846e-17 0.066321897 0.99779828 1.5164158 1.1018544 1.3975271 0.079586277 1.1973579 0 1.3017082
15.05 1.4395606 -0.035570066 -0.022699525 0.024701435 0.99969487 1.4692023 1.1640638 1.3748275 0.029641722 1.1996338 -0.022699525 2.3999838
15.1 1.4397928 0.024425144 -0.04045085 -0.016961906 0.99985614 1.4194385 1.2242525 1.3570762 -0.020354287 1.1998274 -0.04045085 3.8216039
15.15 1.4375258 0.084377956 -0.049384417 -0.058595803 0.99828179 1.3672108 1.2823161 1.3481426 -0.070314963 1.1979381 -0.049384417 4.5756734
15.2 1.4327634 0.1441843 -0.047552826 -0.10012799 0.99497457 1.3126098 1.3381538 1.3499742 -0.12015358 1.1939695 -0.047552826 4.4199455
15.25 1.4255139 0.20374036 -0.035355339 -0.14148636 0.98994021 1.2557303 1.3916686 1.3621717 -0.16978363 1.1879282 -0.035355339 3.3995542
15.3 1.4157899 0.26294275 -0.01545085 -0.18259913 0.98318745 1.196671 1.4427677 1.3820762 -0.21911896 1.1798249 -0.01545085 1.8915652
15.35 1.4036083 0.32168872 0.0078217233 -0.22339494 0.97472801 1.1355344 1.4913623 1.4053488 -0.26807393 1.1696736 0.0078217233 1.475517
15.4 1.3889903 0.37987627 0.029389263 -0.26380297 0.96457659 1.0724267 1.5373682 1.4269163 -0.31656356 1.1574919 0.029389263 2.9170672
15.45 1.3719611 0.43740442 0.044550326 -0.30375307 0.95275079 1.0074575 1.5807054 1.4420774 -0.36450368 1.143301 0.044550326 4.1658151
15.5 1.3525505 0.49417329 0.05 -0.3431759 0.93927116 0.94073939 1.6212987 1.4475271 -0.41181108 1.1271254 0.05 4.6281198
15.55 1.3307919 0.55008435 0.044550326 -0.38200302 0.92416108 0.87238833 1.6590776 1.4420774 -0.45840362 1.1089933 0.044550326 4.1658151
15.6 1.3067234 0.60504053 0.029389263 -0.42016704 0.90744678 0.80252292 1.6939767 1.4269163 -0.50420044 1.0889361 0.029389263 2.9170672
15.65 1.2803865 0.65894645 0.0078217233 -0.4576017 0.88915729 0.73126445 1.7259352 1.4053488 -0.54912205 1.0669887 0.0078217233 1.475517
15.7 1.251827 0.71170854 -0.01545085 -0.49424204 0.86932434 0.6587366 1.7548977 1.3820762 -0.59309045 1.0431892 -0.01545085 1.8915652
15.75 1.2210946 0.76323519 -0.035355339 -0.53002444 0.84798237 0.58506528 1.780814 1.3621717 -0.63602933 1.0175788 -0.035355339 3.3995542
15.8 1.1882425 0.81343698 -0.047552826 -0.56488679 0.82516842 0.51037837 1.8036391 1.3499742 -0.67786415 0.9902021 -0.047552826 4.4199455
15.85 1.1533278 0.86222675 -0.049384417 -0.59876858 0.80092209 0.43480551 1.8233333 1.3481426 -0.71852229 0.9611065 -0.049384417 4.5756734
15.9 1.1164111 0.90951982 -0.04045085 -0.63161099 0.77528547 0.35847789 1.8398624 1.3570762 -0.75793319 0.93034256 -0.04045085 3.8216039
15.95 1.0775564 0.95523409 -0.022699525 -0.66335701 0.74830307 0.28152801 1.8531978 1.3748275 -0.79602841 0.89796368 -0.022699525 2.3999838
16 1.0368313 0.99929021 -2.9391523e-16 -0.69395153 0.72002171 0.20408943 1.8633163 1.3975271 -0.83274184 0.86402606 -2.220446e-16 1.3017082
