t x y z hx hy rx ry rz dx dy rzrel acc
0 0 0 0 0.99996983 0.0077678966 1.1999638 0.0093214759 1.3975271 1.1999638 0.0093214759 0 0.038743875
0.05 0.05998264 0 0 0.99996951 0.0078083525 1.2599461 0.0093700229 1.3975271 1.1999634 0.0093700229 0 0.057503013
0.1 0.11986116 0 0 0.99996855 0.0079309137 1.3198234 0.0095170965 1.3975271 1.1999623 0.0095170965 0 0.093113665
0.15 0.17953162 0 0 0.99996688 0.0081392166 1.3794919 0.0097670599 1.3975271 1.1999603 0.0097670599 0 0.13259108
0.2 0.23889043 0 0 0.99996439 0.0084395069 1.4388477 0.010127408 1.3975271 1.1999573 0.010127408 0 0.1732639
0.25 0.29783457 0 0 0.99996092 0.0088409297 1.4977877 0.010609116 1.3975271 1.1999531 0.010609116 0 0.21441922
0.3 0.3562617 0 0 0.99995623 0.009355959 1.5562092 0.011227151 1.3975271 1.1999475 0.011227151 0 0.25582602
0.35 0.41407042 0 0 0.99994999 0.010000991 1.6140104 0.012001189 1.3975271 1.19994 0.012001189 0 0.29744127
0.4 0.47116036 0 0 0.99994171 0.010797139 1.6710904 0.012956567 1.3975271 1.1999301 0.012956567 0 0.33934336
0.45 0.52743244 0 0 0.99993072 0.011771276 1.7273493 0.014125531 1.3975271 1.1999169 0.014125531 0 0.38173197
0.5 0.58278897 0 0 0.99991605 0.012957382 1.7826882 0.015548859 1.3975271 1.1998993 0.015548859 0 0.42496091
0.55 0.63713386 0 0 0.99989634 0.014398295 1.8370095 0.017277954 1.3975271 1.1998756 0.017277954 0 0.46959897
0.6 0.69037278 0 0 0.99986961 0.016147945 1.8902163 0.019377534 1.3975271 1.1998435 0.019377534 0 0.51652341
0.65 0.7424133 0 0 0.99983301 0.018274228 1.9422129 0.021929073 1.3975271 1.1997996 0.021929073 0 0.56705437
0.7 0.7931651 0 0 0.99978235 0.020862674 1.9929039 0.025035209 1.3975271 1.1997388 0.025035209 0 0.6231388
0.75 0.84254007 0 0 0.99971145 0.024021133 2.0421938 0.028825359 1.3975271 1.1996537 0.028825359 0 0.68758793
0.8 0.89045252 0 0 0.99961112 0.027885724 2.0899859 0.033462869 1.3975271 1.1995333 0.033462869 0 0.76436031
0.85 0.93681926 0 0 0.99946755 0.032628374 2.1361803 0.039154049 1.3975271 1.1993611 0.039154049 0 0.85886372
0.9 0.98155981 0 0 0.9992599 0.038466294 2.1806717 0.046159552 1.3975271 1.1991119 0.046159552 0 0.97823091
0.95 1.0245965 0 0 0.99895641 0.045673783 2.2233442 0.054808539 1.3975271 1.1987477 0.054808539 0 1.1315217
1 1.0658547 0 0 0.99850849 0.054596736 2.2640649 0.065516083 1.3975271 1.1982102 0.065516083 0 1.329828
1.05 1.1052626 0 0 0.99784139 0.0656701 2.3026723 0.07880412 1.3975271 1.1974097 0.07880412 0 1.5862932
1.1 1.142752 0 0 0.99683979 0.079438228 2.3389598 0.095325874 1.3975271 1.1962077 0.095325874 0 1.9160626
1.15 1.1782578 0 0 0.99532548 0.096577399 2.3726483 0.11589288 1.3975271 1.1943906 0.11589288 0 2.3361239
1.2 1.2117182 0 0 0.99302327 0.11791851 2.4033461 0.14150222 1.3975271 1.1916279 0.14150222 0 2.8649005
1.25 1.2430753 0 0 0.98950982 0.14446562 2.4304871 0.17335875 1.3975271 1.1874118 0.17335875 0 3.5213766
1.3 1.2722746 0 0 0.98413846 0.17740204 2.4532407 0.21288245 1.3975271 1.1809662 0.21288245 0 4.3235148
1.35 1.2992653 0 0 0.97593325 0.21806945 2.4703852 0.26168334 1.3975271 1.1711199 0.26168334 0 5.2858277
1.4 1.3240008 0 0 0.96344777 0.26789624 2.4801381 0.32147549 1.3975271 1.1561373 0.32147549 0 6.416229
1.45 1.3464379 0 0 0.94459439 0.32823992 2.4799512 0.39388791 1.3975271 1.1335133 0.39388791 0 7.7127357
1.5 1.3665379 0 0 0.91647214 0.40009851 2.4663044 0.48011821 1.3975271 1.0997666 0.48011821 0 9.1610054
1.55 1.3842657 0 0 0.87526268 0.48364784 2.4345809 0.58037741 1.3975271 1.0503152 0.58037741 0 10.733474
1.6 1.3995906 0 0 0.81632233 0.57759662 2.3791774 0.69311594 1.3975271 0.9795868 0.69311594 0 12.389092
1.65 1.412486 0 0 0.73465113 0.67844507 2.2940674 0.81413408 1.3975271 0.88158136 0.81413408 0 14.0695
1.7 1.4229295 0 0 0.62590545 0.77989894 2.1740161 0.93587873 1.3975271 0.75108654 0.93587873 0 15.686731
1.75 1.4309031 0 0 0.48794766 0.87287289 2.0164403 1.0474475 1.3975271 0.5855372 1.0474475 0 17.106097
1.8 1.4363928 0 0 0.32255343 0.94655126 1.8234569 1.1358615 1.3975271 0.38706411 1.1358615 0 18.144963
1.85 1.4393891 0 0 0.13647541 0.99064346 1.6031596 1.1887722 1.3975271 0.16377049 1.1887722 0 18.613052
1.9 1.4398868 0 0 -0.059015553 0.99825706 1.3690682 1.1979085 1.3975271 -0.070818664 1.1979085 0 18.39134
1.95 1.4378851 0 0 -0.25038622 0.96814603 1.1374217 1.1617752 1.3975271 -0.30046347 1.1617752 0 17.502131
2 1.4333875 0 0 -0.42510917 0.90514208 0.92325645 1.0861705 1.3975271 -0.51013101 1.0861705 0 16.113069
2.05 1.4264016 0 0 -0.57447257 0.81852383 0.73703454 0.9822286 1.3975271 -0.68936708 0.9822286 0 14.463969
2.1 1.4169398 0 0 -0.69477784 0.71922441 0.58320635 0.86306929 1.3975271 -0.83373341 0.86306929 0 12.766908
2.15 1.4050183 0 0 -0.78679432 0.61721528 0.46086511 0.74065834 1.3975271 -0.94415318 0.74065834 0 11.146894
2.2 1.3906579 0 0 -0.8541951 0.51995263 0.36562379 0.62394316 1.3975271 -1.0250341 0.62394316 0 9.6477271
2.25 1.3738835 0 0 -0.90187338 0.43200047 0.29163547 0.51840056 1.3975271 -1.0822481 0.51840056 0 8.2730579
2.3 1.3547243 0 0 -0.93469847 0.35544165 0.23308611 0.42652998 1.3975271 -1.1216382 0.42652998 0 7.0205979
2.35 1.3332134 0 0 -0.95684507 0.29059853 0.18499934 0.34871824 1.3975271 -1.1482141 0.34871824 0 5.8938063
2.4 1.3093883 0 0 -0.9715744 0.2367344 0.14349901 0.28408128 1.3975271 -1.1658893 0.28408128 0 4.8990447
2.45 1.2832903 0 0 -0.98127904 0.19259141 0.10575541 0.23110969 1.3975271 -1.1775348 0.23110969 0 4.0398618
2.5 1.2549646 0 0 -0.98763922 0.15674426 0.069797527 0.18809312 1.3975271 -1.1851671 0.18809312 0 3.3139461
2.55 1.2244605 0 0 -0.99179941 0.12780428 0.034301208 0.15336514 1.3975271 -1.1901593 0.15336514 0 2.7131293
2.6 1.1918309 0 0 -0.99452274 0.1045204 -0.0015963837 0.12542449 1.3975271 -1.1934273 0.12542449 0 2.225023
2.65 1.1571325 0 0 -0.99631093 0.085816819 -0.038440653 0.10298018 1.3975271 -1.1955731 0.10298018 0 1.8349849
2.7 1.1204254 0 0 -0.99749086 0.070795439 -0.076563622 0.084954527 1.3975271 -1.196989 0.084954527 0 1.5277356
2.75 1.0817734 0 0 -0.99827443 0.058721029 -0.11615588 0.070465235 1.3975271 -1.1979293 0.070465235 0 1.2884515
2.8 1.0412437 0 0 -0.9987988 0.048999473 -0.1573149 0.058799367 1.3975271 -1.1985586 0.058799367 0 1.1034257
2.85 0.99890645 0 0 -0.99915278 0.041154841 -0.20007689 0.04938581 1.3975271 -1.1989833 0.04938581 0 0.96046184
2.9 0.95483526 0 0 -0.99939402 0.034808037 -0.24443756 0.041769644 1.3975271 -1.1992728 0.041769644 0 0.84911382
2.95 0.90910661 0 0 -0.9995601 0.029658147 -0.29036551 0.035589777 1.3975271 -1.1994721 0.035589777 0 0.76079775
3 0.86179989 0 0 -0.99967567 0.025466786 -0.33781092 0.030560144 1.3975271 -1.1996108 0.030560144 0 0.68876151
3.05 0.8129972 0 0 -0.99975697 0.022045251 -0.38671117 0.026454301 1.3975271 -1.1997084 0.026454301 0 0.62791427
3.1 0.76278326 0 0 -0.99981481 0.019244165 -0.43699452 0.023092998 1.3975271 -1.1997778 0.023092998 0 0.57456018
3.15 0.71124523 0 0 -0.99985642 0.016945216 -0.48858247 0.020334259 1.3975271 -1.1998277 0.020334259 0 0.52609968
3.2 0.65847258 0 0 -0.99988667 0.01505461 -0.54139143 0.018065532 1.3975271 -1.199864 0.018065532 0 0.48075068
3.25 0.60455692 0 0 -0.9999089 0.01349792 -0.59533376 0.016197505 1.3975271 -1.1998907 0.016197505 0 0.43731759
3.3 0.54959183 0 0 -0.99992538 0.01221604 -0.65031863 0.014659248 1.3975271 -1.1999105 0.014659248 0 0.39501478
3.35 0.49367272 0 0 -0.9999377 0.011162015 -0.70625252 0.013394418 1.3975271 -1.1999252 0.013394418 0 0.3533392
3.4 0.43689667 0 0 -0.99994697 0.01029857 -0.76303969 0.012358284 1.3975271 -1.1999364 0.012358284 0 0.31198254
3.45 0.37936223 0 0 -0.99995396 0.0095961853 -0.82058252 0.011515422 1.3975271 -1.1999447 0.011515422 0 0.27077391
3.5 0.32116927 0 0 -0.99995921 0.0090315937 -0.87878179 0.010837912 1.3975271 -1.1999511 0.010837912 0 0.22964746
3.55 0.2624188 0 0 -0.99996313 0.0085866285 -0.93753696 0.010303954 1.3975271 -1.1999558 0.010303954 0 0.18863598
3.6 0.20321281 0 0 -0.99996599 0.0082473353 -0.99674638 0.0098968024 1.3975271 -1.1999592 0.0098968024 0 0.14790941
3.65 0.14365407 0 0 -0.99996797 0.0080033033 -1.0563075 0.009603964 1.3975271 -1.1999616 0.009603964 0 0.10794601
3.7 0.083845971 0 0 -0.99996921 0.0078471741 -1.1161171 0.009416609 1.3975271 -1.1999631 0.009416609 0 0.07030149
3.75 0.023892325 0 0 -0.99996978 0.007774299 -1.1760714 0.0093291588 1.3975271 -1.1999637 0.0093291588 0 0.042111104
3.8 -0.036102796 0 0 -0.99996972 0.0077825242 -1.2360665 0.0093390291 1.3975271 -1.1999637 0.0093390291 0 0.046485946
3.85 -0.096035247 0 0 -0.99996901 0.0078720924 -1.2959981 0.0094465109 1.3975271 -1.1999628 0.0094465109 0 0.07815671
3.9 -0.15580099 0 0 -0.99996763 0.0080456534 -1.3557622 0.0096547841 1.3975271 -1.1999612 0.0096547841 0 0.11665416
3.95 -0.21529629 0 0 -0.99996548 0.0083083862 -1.4152549 0.0099700635 1.3975271 -1.1999586 0.0099700635 0 0.15698615
4 -0.27441787 0 0 -0.99996243 0.0086682383 -1.4743728 0.010401886 1.3975271 -1.1999549 0.010401886 0 0.19799278
4.05 -0.33306309 0 0 -0.99995826 0.0091362967 -1.533013 0.010963556 1.3975271 -1.1999499 0.010963556 0 0.23931244
4.1 -0.39113016 0 0 -0.99995269 0.0097273126 -1.5910734 0.011672775 1.3975271 -1.1999432 0.011672775 0 0.28084163
4.15 -0.44851829 0 0 -0.99994529 0.010460411 -1.6484526 0.012552493 1.3975271 -1.1999343 0.012552493 0 0.32261278
4.2 -0.50512785 0 0 -0.99993547 0.011360028 -1.7050504 0.013632034 1.3975271 -1.1999226 0.013632034 0 0.36477491
4.25 -0.56086058 0 0 -0.99992241 0.012457129 -1.7607675 0.014948555 1.3975271 -1.1999069 0.014948555 0 0.40761477
4.3 -0.61561973 0 0 -0.9999049 0.013790786 -1.8155056 0.016548943 1.3975271 -1.1998859 0.016548943 0 0.45160632
4.35 -0.66931025 0 0 -0.99988126 0.015410207 -1.8691678 0.018492248 1.3975271 -1.1998575 0.018492248 0 0.49749037
4.4 -0.72183895 0 0 -0.999849 0.017377335 -1.9216578 0.020852802 1.3975271 -1.1998188 0.020852802 0 0.54639159
4.45 -0.77311463 0 0 -0.99980455 0.019770179 -1.9728801 0.023724214 1.3975271 -1.1997655 0.023724214 0 0.59998183
4.5 -0.8230483 0 0 -0.99974262 0.022687064 -2.0227394 0.027224476 1.3975271 -1.1996911 0.027224476 0 0.66069642
4.55 -0.87155327 0 0 -0.99965536 0.026252045 -2.0711397 0.031502454 1.3975271 -1.1995864 0.031502454 0 0.73200105
4.6 -0.91854534 0 0 -0.99953104 0.030621771 -2.1179826 0.036746125 1.3975271 -1.1994373 0.036746125 0 0.81869072
4.65 -0.96394295 0 0 -0.999352 0.035994144 -2.1631654 0.043192972 1.3975271 -1.1992224 0.043192972 0 0.92718204
4.7 -1.0076673 0 0 -0.99909139 0.042619148 -2.206577 0.051142978 1.3975271 -1.1989097 0.051142978 0 1.0657493
4.75 -1.0496425 0 0 -0.99870822 0.050812246 -2.2480923 0.060974695 1.3975271 -1.1984499 0.060974695 0 1.2446687
4.8 -1.0897956 0 0 -0.99813956 0.060970637 -2.2875631 0.073164764 1.3975271 -1.1977675 0.073164764 0 1.4762688
4.85 -1.128057 0 0 -0.9972884 0.073592501 -2.3248031 0.088311001 1.3975271 -1.1967461 0.088311001 0 1.7749086
4.9 -1.1643603 0 0 -0.99600488 0.089298805 -2.3595661 0.10715857 1.3975271 -1.1952059 0.10715857 0 2.1568728
4.95 -1.1986423 0 0 -0.9940575 0.10885629 -2.3915113 0.13062755 1.3975271 -1.192869 0.13062755 0 2.6400862
5 -1.2308438 0 0 -0.9910894 0.13319838 -2.420151 0.15983806 1.3975271 -1.1893073 0.15983806 0 3.2434549
5.05 -1.2609086 0 0 -0.98655368 0.16343759 -2.444773 0.19612511 1.3975271 -1.1838644 0.19612511 0 3.9855913
5.1 -1.2887847 0 0 -0.97962045 0.20085762 -2.4643292 0.24102914 1.3975271 -1.1755445 0.24102914 0 4.8827261
5.15 -1.3144236 0 0 -0.96904976 0.24686548 -2.4772833 0.29623858 1.3975271 -1.1628597 0.29623858 0 5.9458063
5.2 -1.3377809 0 0 -0.95303089 0.30287311 -2.4814179 0.36344774 1.3975271 -1.1436371 0.36344774 0 7.1771564
5.25 -1.358816 0 0 -0.92900522 0.37006663 -2.4736222 0.44407995 1.3975271 -1.1148063 0.44407995 0 8.5675542
5.3 -1.3774923 0 0 -0.89352324 0.44901695 -2.4497202 0.53882033 1.3975271 -1.0722279 0.53882033 0 10.094709
5.35 -1.3937775 0 0 -0.8422392 0.53910401 -2.4044646 0.64692481 1.3975271 -1.010687 0.64692481 0 11.723072
5.4 -1.4076434 0 0 -0.7702067 0.63779435 -2.3318914 0.76535322 1.3975271 -0.92424804 0.76535322 0 13.402109
5.45 -1.4190657 0 0 -0.67266142 0.73995041 -2.2262594 0.88794049 1.3975271 -0.80719371 0.88794049 0 15.057693
5.5 -1.4280248 0 0 -0.54637757 0.83753899 -2.0836779 1.0050468 1.3975271 -0.65565308 1.0050468 0 16.575427
5.55 -1.434505 0 0 -0.39138748 0.92022597 -1.90417 1.1042712 1.3975271 -0.46966497 1.1042712 0 17.789669
5.6 -1.4384951 0 0 -0.21241575 0.97717938 -1.693394 1.1726153 1.3975271 -0.2548989 1.1726153 0 18.505263
5.65 -1.4399882 0 0 -0.019109628 0.99981739 -1.4629197 1.1997809 1.3975271 -0.022931553 1.1997809 0 18.564468
5.7 -1.4389816 0 0 0.17553399 0.98447337 -1.2283408 1.181368 1.3975271 0.21064079 1.181368 0 17.928178
5.75 -1.4354772 0 0 0.35819067 0.93364846 -1.0056484 1.1203781 1.3975271 0.42982881 1.1203781 0 16.711173
5.8 -1.429481 0 0 0.51838043 0.85515012 -0.80742449 1.0261801 1.3975271 0.62205652 1.0261801 0 15.136645
5.85 -1.4210034 0 0 0.6503861 0.7596038 -0.64054011 0.91152456 1.3975271 0.78046331 0.91152456 0 13.438316
5.9 -1.4100592 0 0 0.75334986 0.65761995 -0.50603936 0.78914394 1.3975271 0.90401983 0.78914394 0 11.778604
5.95 -1.3966673 0 0 0.83000101 0.55776189 -0.40066607 0.66931426 1.3975271 0.99600121 0.66931426 0 10.229621
6 -1.380851 0 0 0.88492755 0.46572871 -0.3189379 0.55887446 1.3975271 1.0619131 0.55887446 0 8.8058143
6.05 -1.3626377 0 0 0.92311966 0.38451279 -0.25489407 0.46141535 1.3975271 1.1077436 0.46141535 0 7.5046229
6.1 -1.342059 0 0 0.94907593 0.31504742 -0.20316791 0.3780569 1.3975271 1.1388911 0.3780569 0 6.3270482
6.15 -1.3191508 0 0 0.96642667 0.2569426 -0.15943877 0.30833112 1.3975271 1.159712 0.30833112 0 5.2790204
6.2 -1.2939526 0 0 0.97789516 0.2090958 -0.12047845 0.25091496 1.3975271 1.1734742 0.25091496 0 4.3657693
6.25 -1.2665084 0 0 0.98542393 0.17011664 -0.083999676 0.20413997 1.3975271 1.1825087 0.20413997 0 3.5874615
6.3 -1.2368657 0 0 0.99035054 0.13858502 -0.048445022 0.16630202 1.3975271 1.1884206 0.16630202 0 2.9381211
6.35 -1.2050759 0 0 0.99357362 0.11318776 -0.01278758 0.13582532 1.3975271 1.1922883 0.13582532 0 2.406801
6.4 -1.1711943 0 0 0.99568686 0.092777522 0.023629913 0.11133303 1.3975271 1.1948242 0.11133303 0 1.979535
6.45 -1.1352797 0 0 0.99707828 0.076386544 0.061214236 0.091663853 1.3975271 1.1964939 0.091663853 0 1.6411376
6.5 -1.0973944 0 0 0.9979998 0.063217131 0.10020537 0.075860558 1.3975271 1.1975998 0.075860558 0 1.3765038
6.55 -1.0576042 0 0 0.99861452 0.052621737 0.14073326 0.063146084 1.3975271 1.1983374 0.063146084 0 1.1714235
6.6 -1.0159781 0 0 0.999028 0.044080052 0.18285553 0.052896063 1.3975271 1.1988336 0.052896063 0 1.0130629
6.65 -0.97258839 0 0 0.9993087 0.037176817 0.22658206 0.044612181 1.3975271 1.1991704 0.044612181 0 0.89025816
6.7 -0.92751043 0 0 0.99950116 0.031582027 0.27189097 0.037898432 1.3975271 1.1994014 0.037898432 0 0.79367913
6.75 -0.88082244 0 0 0.99963451 0.027034086 0.31873897 0.032440903 1.3975271 1.1995614 0.032440903 0 0.71585742
6.8 -0.83260547 0 0 0.99972791 0.023325877 0.36706803 0.027991053 1.3975271 1.1996735 0.027991053 0 0.65106857
6.85 -0.78294321 0 0 0.99979407 0.020293461 0.41680967 0.024352154 1.3975271 1.1997529 0.024352154 0 0.5950966
6.9 -0.73192187 0 0 0.99984144 0.017807028 0.46788786 0.021368434 1.3975271 1.1998097 0.021368434 0 0.5449408
6.95 -0.67963002 0 0 0.99987575 0.015763709 0.52022087 0.01891645 1.3975271 1.1998509 0.01891645 0 0.49852421
7 -0.62615843 0 0 0.99990085 0.014081905 0.57372259 0.016898285 1.3975271 1.199881 0.016898285 0 0.45444185
7.05 -0.57159991 0 0 0.99991939 0.012696832 0.62830336 0.015236198 1.3975271 1.1999033 0.015236198 0 0.41176265
7.1 -0.51604917 0 0 0.99993322 0.011557027 0.68387069 0.013868433 1.3975271 1.1999199 0.013868433 0 0.36988354
7.15 -0.45960265 0 0 0.99994359 0.010621622 0.74032966 0.012745946 1.3975271 1.1999323 0.012745946 0 0.32842705
7.2 -0.40235832 0 0 0.99995141 0.0098582069 0.79758337 0.011829848 1.3975271 1.1999417 0.011829848 0 0.28717278
7.25 -0.34441555 0 0 0.9999573 0.0092411818 0.85553321 0.011089418 1.3975271 1.1999488 0.011089418 0 0.2460154
7.3 -0.28587492 0 0 0.99996171 0.0087504687 0.91407913 0.010500562 1.3975271 1.1999541 0.010500562 0 0.20494712
7.35 -0.22683806 0 0 0.99996497 0.008370527 0.9731199 0.010044632 1.3975271 1.199958 0.010044632 0 0.16407374
7.4 -0.16740744 0 0 0.99996728 0.0080896028 1.0325533 0.0097075233 1.3975271 1.1999607 0.0097075233 0 0.1237123
7.45 -0.10768622 0 0 0.9999688 0.0078991708 1.0922763 0.009479005 1.3975271 1.1999626 0.009479005 0 0.084801855
7.5 -0.047778072 0 0 0.99996963 0.0077935359 1.1521855 0.0093522431 1.3975271 1.1999636 0.0093522431 0 0.051085666
7.55 0.012213011 0 0 0.99996982 0.0077695689 1.2121768 0.0093234827 1.3975271 1.1999638 0.0093234827 0 0.039748684
7.6 0.072182894 0 0 0.99996937 0.0078265629 1.2721461 0.0093918754 1.3975271 1.1999632 0.0093918754 0 0.06411078
7.65 0.13202748 0 0 0.99996827 0.0079662006 1.3319894 0.0095594408 1.3975271 1.1999619 0.0095594408 0 0.10097957
7.7 0.19164288 0 0 0.99996644 0.0081926323 1.3916026 0.0098311588 1.3975271 1.1999597 0.0098311588 0 0.14080852
7.75 0.25092562 0 0 0.99996377 0.008512666 1.4508821 0.010215199 1.3975271 1.1999565 0.010215199 0 0.18161351
7.8 0.30977278 0 0 0.99996007 0.0089360849 1.5097249 0.010723302 1.3975271 1.1999521 0.010723302 0 0.2228307
7.85 0.36808223 0 0 0.9999551 0.0094761072 1.5680283 0.011371329 1.3975271 1.1999461 0.011371329 0 0.26427911
7.9 0.42575273 0 0 0.99994849 0.010150018 1.6256909 0.012180021 1.3975271 1.1999382 0.012180021 0 0.30594271
7.95 0.48268419 0 0 0.99993972 0.010980009 1.6826118 0.01317601 1.3975271 1.1999277 0.01317601 0 0.34792329
8 0.53877777 0 0 0.99992807 0.011994278 1.7386915 0.014393133 1.3975271 1.1999137 0.014393133 0 0.39044836
8.05 0.59393611 0 0 0.9999125 0.013228454 1.7938311 0.015874145 1.3975271 1.199895 0.015874145 0 0.43390959
8.1 0.64806347 0 0 0.99989155 0.014727432 1.8479333 0.017672918 1.3975271 1.1998699 0.017672918 0 0.47892979
8.15 0.70106587 0 0 0.99986308 0.016547729 1.9009016 0.019857274 1.3975271 1.1998357 0.019857274 0 0.52646399
8.2 0.75285132 0 0 0.99982401 0.018760503 1.9526401 0.022512603 1.3975271 1.1997888 0.022512603 0 0.57794325
8.25 0.80332993 0 0 0.99976981 0.021455411 2.0030537 0.025746493 1.3975271 1.1997238 0.025746493 0 0.63546952
8.3 0.85241407 0 0 0.99969378 0.024745528 2.0520466 0.029694634 1.3975271 1.1996325 0.029694634 0 0.70206347
8.35 0.90001854 0 0 0.99958595 0.028773594 2.0995217 0.034528313 1.3975271 1.1995031 0.034528313 0 0.78195428
8.4 0.9460607 0 0 0.99943132 0.033719914 2.1453783 0.040463897 1.3975271 1.1993176 0.040463897 0 0.88088027
8.45 0.99046064 0 0 0.99920718 0.039812281 2.1895092 0.047774737 1.3975271 1.1990486 0.047774737 0 1.0063531
8.5 1.0331413 0 0 0.99887891 0.047338297 2.231796 0.056805957 1.3975271 1.1986547 0.056805957 0 1.167841
8.55 1.0740285 0 0 0.99839351 0.056660473 2.2721007 0.067992567 1.3975271 1.1980722 0.067992567 0 1.376854
8.6 1.1130514 0 0 0.99766933 0.068234287 2.3102546 0.081881144 1.3975271 1.1972032 0.081881144 0 1.6469495
8.65 1.1501422 0 0 0.99658037 0.082629074 2.3460386 0.099154889 1.3975271 1.1958964 0.099154889 0 1.9936662
8.7 1.1852365 0 0 0.99493193 0.1005508 2.3791548 0.12066096 1.3975271 1.1939183 0.12066096 0 2.4343284
8.75 1.2182734 0 0 0.99242347 0.12286436 2.4091815 0.14743723 1.3975271 1.1909082 0.14743723 0 2.9875646
8.8 1.2491955 0 0 0.98859319 0.15061042 2.4355073 0.1807325 1.3975271 1.1863118 0.1807325 0 3.6723057
8.85 1.2779492 0 0 0.98273712 0.18500745 2.4572337 0.22200894 1.3975271 1.1792845 0.22200894 0 4.5060368
8.9 1.3044846 0 0 0.97379612 0.22742279 2.4730399 0.27290735 1.3975271 1.1685553 0.27290735 0 5.5021987
8.95 1.3287555 0 0 0.96020774 0.27928675 2.4810048 0.3351441 1.3975271 1.1522493 0.3351441 0 6.6669471
9 1.35072 0 0 0.93973191 0.34191217 2.4783983 0.4102946 1.3975271 1.1276783 0.4102946 0 7.9959363
9.05 1.3703397 0 0 0.90928526 0.41617341 2.4614821 0.4994081 1.3975271 1.0911423 0.4994081 0 9.4721501
9.1 1.3875808 0 0 0.86486459 0.50200522 2.4254183 0.60240626 1.3975271 1.0378375 0.60240626 0 11.065335
9.15 1.4024132 0 0 0.80169992 0.59772673 2.3644531 0.71727207 1.3975271 0.9620399 0.71727207 0 12.73145
9.2 1.4148112 0 0 0.71482342 0.699305 2.2725993 0.839166 1.3975271 0.8577881 0.839166 0 14.407415
9.25 1.4247533 0 0 0.60020122 0.79984904 2.1449948 0.95981885 1.3975271 0.72024147 0.95981885 0 15.997033
9.3 1.4322222 0 0 0.45636092 0.88979476 1.9798553 1.0677537 1.3975271 0.54763311 1.0677537 0 17.354911
9.35 1.437205 0 0 0.28604335 0.95821668 1.7804571 1.14986 1.3975271 0.34325202 1.14986 0 18.29199
9.4 1.439693 0 0 0.097018823 0.99528255 1.5561156 1.1943391 1.3975271 0.11642259 1.1943391 0 18.62546
9.45 1.4396819 0 0 -0.098747204 0.99511255 1.3211853 1.1941351 1.3975271 -0.11849664 1.1941351 0 18.260843
9.5 1.4371717 0 0 -0.2876535 0.95773455 1.0919876 1.1492815 1.3975271 -0.3451842 1.1492815 0 17.252492
9.55 1.4321668 0 0 -0.45776271 0.88907441 0.88285158 1.0668893 1.3975271 -0.54931525 1.0668893 0 15.790588
9.6 1.4246759 0 0 -0.60134835 0.79898696 0.70305786 0.95878436 1.3975271 -0.72161801 0.95878436 0 14.116934
9.65 1.4147119 0 0 -0.71571252 0.69839501 0.55585685 0.83807401 1.3975271 -0.85885503 0.83807401 0 12.42852
9.7 1.4022921 0 0 -0.8023582 0.5968428 0.43946231 0.71621136 1.3975271 -0.96282984 0.71621136 0 10.831518
9.75 1.3874382 0 0 -0.86533416 0.50119536 0.34903723 0.60143443 1.3975271 -1.038401 0.60143443 0 9.3579463
9.8 1.3701759 0 0 -0.9096106 0.41546186 0.27864319 0.49855424 1.3975271 -1.0915327 0.49855424 0 8.008188
9.85 1.3505352 0 0 -0.93995241 0.34130552 0.22259226 0.40956663 1.3975271 -1.1279429 0.40956663 0 6.7808451
9.9 1.3285501 0 0 -0.96035485 0.27878049 0.17612424 0.33453659 1.3975271 -1.1524258 0.33453659 0 5.6804308
9.95 1.3042588 0 0 -0.97389322 0.22700659 0.13558693 0.27240791 1.3975271 -1.1686719 0.27240791 0 4.7131479
10 1.2777035 0 0 -0.98280082 0.18466876 0.098342534 0.22160252 1.3975271 -1.179361 0.22160252 0 3.8814851
10.05 1.2489303 0 0 -0.98863486 0.15033664 0.062568486 0.18040397 1.3975271 -1.1863618 0.18040397 0 3.181862
10.1 1.2179892 0 0 -0.99245074 0.12264395 0.027048278 0.14717273 1.3975271 -1.1909409 0.14717273 0 2.6050929
10.15 1.1849337 0 0 -0.99494981 0.1003737 -0.0090060279 0.12044844 1.3975271 -1.1939398 0.12044844 0 2.1381765
10.2 1.1498214 0 0 -0.99659215 0.082486858 -0.046089141 0.09898423 1.3975271 -1.1959106 0.09898423 0 1.7662267
10.25 1.1127132 0 0 -0.99767713 0.068120014 -0.084499347 0.081744016 1.3975271 -1.1972126 0.081744016 0 1.4739847
10.3 1.0736735 0 0 -0.99839872 0.056568518 -0.12440499 0.067882222 1.3975271 -1.1980785 0.067882222 0 1.2468115
10.35 1.03277 0 0 -0.99888243 0.047264148 -0.16588893 0.056716978 1.3975271 -1.1986589 0.056716978 0 1.0712819
10.4 0.99007375 0 0 -0.99920956 0.039752337 -0.20897773 0.047702805 1.3975271 -1.1990515 0.047702805 0 0.93554049
10.45 0.94565889 0 0 -0.99943296 0.033671316 -0.25366067 0.04040558 1.3975271 -1.1993196 0.04040558 0 0.82951552
10.5 0.89960249 0 0 -0.99958709 0.028734075 -0.29990202 0.034480891 1.3975271 -1.1995045 0.034480891 0 0.74500326
10.55 0.85198452 0 0 -0.99969458 0.024713295 -0.34764898 0.029655954 1.3975271 -1.1996335 0.029655954 0 0.67560757
10.6 0.80288761 0 0 -0.99977037 0.021429044 -0.39683683 0.025714852 1.3975271 -1.1997244 0.025714852 0 0.61654515
10.65 0.75239701 0 0 -0.99982441 0.018738876 -0.44739229 0.022486651 1.3975271 -1.1997893 0.022486651 0 0.56436749
10.7 0.70060035 0 0 -0.99986337 0.016529952 -0.4992357 0.019835942 1.3975271 -1.199836 0.019835942 0 0.51666271
10.75 0.64758754 0 0 -0.99989176 0.014712798 -0.55228257 0.017655357 1.3975271 -1.1998701 0.017655357 0 0.47178504
10.8 0.59345062 0 0 -0.99991266 0.013216401 -0.60644457 0.015859681 1.3975271 -1.1998952 0.015859681 0 0.42863493
10.85 0.53828355 0 0 -0.99992818 0.01198436 -0.66163028 0.014381232 1.3975271 -1.1999138 0.014381232 0 0.38649318
10.9 0.48218209 0 0 -0.99993981 0.010971873 -0.71774568 0.013166247 1.3975271 -1.1999278 0.013166247 0 0.34490238
10.95 0.42524363 0 0 -0.99994855 0.010143382 -0.77469463 0.012172059 1.3975271 -1.1999383 0.012172059 0 0.30358597
11 0.36756701 0 0 -0.99995515 0.0094707506 -0.83237917 0.011364901 1.3975271 -1.1999462 0.011364901 0 0.26239629
11.05 0.30925234 0 0 -0.99996011 0.0089318334 -0.89069979 0.0107182 1.3975271 -1.1999521 0.0107182 0 0.22128711
11.1 0.25040086 0 0 -0.99996379 0.0085093855 -0.94955569 0.010211263 1.3975271 -1.1999566 0.010211263 0 0.18031379
11.15 0.19111471 0 0 -0.99996646 0.0081902214 -1.008845 0.0098282657 1.3975271 -1.1999598 0.0098282657 0 0.13968733
11.2 0.13149682 0 0 -0.99996828 0.0079645865 -1.0684651 0.0095575038 1.3975271 -1.1999619 0.0095575038 0 0.10000298
11.25 0.071650665 0 0 -0.99996938 0.0078256972 -1.1283126 0.0093908366 1.3975271 -1.1999633 0.0093908366 0 0.063320895
11.3 0.011680135 0 0 -0.99996982 0.0077694262 -1.1882836 0.0093233114 1.3975271 -1.1999638 0.0093233114 0 0.039543173
11.35 -0.048310669 0 0 -0.99996963 0.0077941119 -1.2482742 0.0093529343 1.3975271 -1.1999636 0.0093529343 0 0.051730168
11.4 -0.10821761 0 0 -0.99996879 0.0079004825 -1.3081802 0.009480579 1.3975271 -1.1999625 0.009480579 0 0.085717798
11.45 -0.16793671 0 0 -0.99996726 0.0080916891 -1.3678974 0.0097100269 1.3975271 -1.1999607 0.0097100269 0 0.12477414
11.5 -0.22736429 0 0 -0.99996494 0.0083734508 -1.4273222 0.010048141 1.3975271 -1.1999579 0.010048141 0 0.16529607
11.55 -0.28639719 0 0 -0.99996168 0.0087543195 -1.4863512 0.010505183 1.3975271 -1.199954 0.010505183 0 0.20638397
11.6 -0.34493295 0 0 -0.99995725 0.0092460799 -1.5448817 0.011095296 1.3975271 -1.1999487 0.011095296 0 0.24774948
11.65 -0.40286996 0 0 -0.99995135 0.0098643094 -1.6028116 0.011837171 1.3975271 -1.1999416 0.011837171 0 0.28932155
11.7 -0.46010764 0 0 -0.99994351 0.01062913 -1.6600398 0.012754956 1.3975271 -1.1999322 0.012754956 0 0.33115622
11.75 -0.51654664 0 0 -0.99993311 0.011566197 -1.7164664 0.013879437 1.3975271 -1.1999197 0.013879437 0 0.37342788
11.8 -0.57208898 0 0 -0.99991925 0.012707986 -1.7719921 0.015249583 1.3975271 -1.1999031 0.015249583 0 0.41645645
11.85 -0.62663826 0 0 -0.99990065 0.01409545 -1.826519 0.01691454 1.3975271 -1.1998808 0.01691454 0 0.46076267
11.9 -0.68009978 0 0 -0.99987549 0.015780158 -1.8799504 0.01893619 1.3975271 -1.1998506 0.01893619 0 0.50715462
11.95 -0.73238075 0 0 -0.99984109 0.017827026 -1.93219 0.021392432 1.3975271 -1.1998093 0.021392432 0 0.55685346
12 -0.7833904 0 0 -0.99979357 0.020317821 -1.9831427 0.024381385 1.3975271 -1.1997523 0.024381385 0 0.61166717
12.05 -0.8330402 0 0 -0.99972722 0.023355622 -2.0327129 0.028026747 1.3975271 -1.1996727 0.028026747 0 0.67421769
12.1 -0.88124395 0 0 -0.99963353 0.027070511 -2.0808042 0.032484614 1.3975271 -1.1995602 0.032484614 0 0.74821663
12.15 -0.92791799 0 0 -0.99949975 0.031626767 -2.1273177 0.03795212 1.3975271 -1.1993997 0.03795212 0 0.83876647
12.2 -0.9729813 0 0 -0.99930665 0.037231936 -2.1721493 0.044678323 1.3975271 -1.199168 0.044678323 0 0.95264547
12.25 -1.0163556 0 0 -0.99902499 0.044148158 -2.2151856 0.05297779 1.3975271 -1.19883 0.05297779 0 1.098527
12.3 -1.0579657 0 0 -0.99861007 0.052706115 -2.2562978 0.063247338 1.3975271 -1.1983321 0.063247338 0 1.2871036
12.35 -1.0977394 0 0 -0.99799315 0.063321909 -2.2953311 0.075986291 1.3975271 -1.1975918 0.075986291 0 1.5311209
12.4 -1.1356074 0 0 -0.99706829 0.076516879 -2.3320894 0.091820255 1.3975271 -1.1964819 0.091820255 0 1.8453424
12.45 -1.1715043 0 0 -0.99567173 0.092939804 -2.3663104 0.11152777 1.3975271 -1.1948061 0.11152777 0 2.2464184
12.5 -1.2053676 0 0 -0.99355058 0.11338982 -2.3976282 0.13606778 1.3975271 -1.1922607 0.13606778 0 2.7525434
12.55 -1.2371385 0 0 -0.99031535 0.13883624 -2.4255169 0.16660348 1.3975271 -1.1883784 0.16660348 0 3.3826912
12.6 -1.2667619 0 0 -0.98537013 0.17042801 -2.4492061 0.20451361 1.3975271 -1.1824442 0.20451361 0 4.1551871
12.65 -1.2941864 0 0 -0.97781302 0.20947959 -2.467562 0.2513755 1.3975271 -1.1733756 0.2513755 0 5.0854443
12.7 -1.3193644 0 0 -0.96630186 0.25741157 -2.4789266 0.30889388 1.3975271 -1.1595622 0.30889388 0 6.1829271
12.75 -1.3422521 0 0 -0.94888796 0.31561312 -2.4809177 0.37873574 1.3975271 -1.1386656 0.37873574 0 7.4478136
12.8 -1.3628099 0 0 -0.92284038 0.3851826 -2.4702183 0.46221912 1.3975271 -1.1074085 0.46221912 0 8.8682876
12.85 -1.381002 0 0 -0.88452057 0.46650119 -2.4424267 0.55980143 1.3975271 -1.0614247 0.55980143 0 10.41936
12.9 -1.3967969 0 0 -0.82942329 0.55862063 -2.3921049 0.67034476 1.3975271 -0.99530794 0.67034476 0 12.062713
12.95 -1.4101672 0 0 -0.7525571 0.658527 -2.3132357 0.7902324 1.3975271 -0.90306852 0.7902324 0 13.74402
13 -1.4210896 0 0 -0.64934338 0.76049535 -2.2003017 0.91259442 1.3975271 -0.77921205 0.91259442 0 15.382447
13.05 -1.4295452 0 0 -0.51707709 0.85593883 -2.0500377 1.0271266 1.3975271 -0.6204925 1.0271266 0 16.85341
13.1 -1.4355193 0 0 -0.35665498 0.93423617 -1.8635053 1.1210834 1.3975271 -0.42798597 1.1210834 0 17.981984
13.15 -1.4390016 0 0 -0.17383955 0.98477399 -1.647609 1.1817288 1.3975271 -0.20860747 1.1817288 0 18.573973
13.2 -1.4399859 0 0 0.020852873 0.99978256 -1.4149624 1.1997391 1.3975271 0.025023448 1.1997391 0 18.489795
13.25 -1.4384706 0 0 0.21408588 0.97681484 -1.1815676 1.1721778 1.3975271 0.25690305 1.1721778 0 17.721293
13.3 -1.4344584 0 0 0.39288039 0.91958958 -0.9630019 1.1035075 1.3975271 0.47145647 1.1035075 0 16.411534
13.35 -1.4279561 0 0 0.54762871 0.83672145 -0.77080164 1.0040657 1.3975271 0.65715446 1.0040657 0 14.794324
13.4 -1.4189751 0 0 0.67365137 0.73904927 -0.61059344 0.88685913 1.3975271 0.80838165 0.88685913 0 13.093793
13.45 -1.4075309 0 0 0.77095235 0.63689282 -0.48238812 0.76427139 1.3975271 0.92514282 0.76427139 0 11.453314
13.5 -1.3936435 0 0 0.8427785 0.53826054 -0.38230932 0.64591264 1.3975271 1.0113342 0.64591264 0 9.9296965
13.55 -1.3773369 0 0 0.8939009 0.44826462 -0.30465584 0.53791755 1.3975271 1.0726811 0.53791755 0 8.5310839
13.6 -1.3586395 0 0 0.92926323 0.36941826 -0.24352359 0.44330192 1.3975271 1.1151159 0.44330192 0 7.2547519
13.65 -1.3375836 0 0 0.95320399 0.30232789 -0.19373881 0.36279347 1.3975271 1.1438448 0.36279347 0 6.1030002
13.7 -1.3142059 0 0 0.96916444 0.24641486 -0.15120854 0.29569783 1.3975271 1.1629973 0.29569783 0 5.0821051
13.75 -1.2885469 0 0 0.97969583 0.20048961 -0.11291188 0.24058753 1.3975271 1.175635 0.24058753 0 4.1965119
13.8 -1.2606511 0 0 0.98660302 0.16313943 -0.076727503 0.19576731 1.3975271 1.1839236 0.19576731 0 3.4451279
13.85 -1.2305671 0 0 0.99112167 0.13295801 -0.041221074 0.15954961 1.3975271 1.189346 0.15954961 0 2.8208258
13.9 -1.1983469 0 0 0.99407864 0.10866304 -0.005452566 0.13039565 1.3975271 1.1928944 0.13039565 0 2.3118814
13.95 -1.1640466 0 0 0.99601878 0.08914361 0.031175913 0.10697233 1.3975271 1.1952225 0.10697233 0 1.9039486
14 -1.1277257 0 0 0.99729759 0.073467843 0.069031405 0.088161411 1.3975271 1.1967571 0.088161411 0 1.5817705
14.05 -1.0894472 0 0 0.99814568 0.060870393 0.10832762 0.073044471 1.3975271 1.1977748 0.073044471 0 1.3303716
14.1 -1.0492776 0 0 0.99871233 0.050731485 0.14917723 0.060877781 1.3975271 1.1984548 0.060877781 0 1.1357905
14.15 -1.0072865 0 0 0.99909417 0.042553928 0.19162647 0.051064714 1.3975271 1.198913 0.051064714 0 0.98551433
14.2 -0.963547 0 0 0.9993539 0.035941329 0.23567768 0.043129595 1.3975271 1.1992247 0.043129595 0 0.86874313
14.25 -0.91813488 0 0 0.99953236 0.030578876 0.28130395 0.036694651 1.3975271 1.1994388 0.036694651 0 0.77652825
14.3 -0.871129 0 0 0.99965627 0.0262171 0.32845852 0.03146052 1.3975271 1.1995875 0.03146052 0 0.70177037
14.35 -0.82261097 0 0 0.99974326 0.02265851 0.37708094 0.027190212 1.3975271 1.1996919 0.027190212 0 0.63907402
14.4 -0.772665 0 0 0.99980501 0.019746783 0.42710101 0.023696139 1.3975271 1.199766 0.023696139 0 0.58449506
14.45 -0.72137779 0 0 0.99984934 0.017358119 0.47844141 0.020829743 1.3975271 1.1998192 0.020829743 0 0.53524354
14.5 -0.66883838 0 0 0.9998815 0.015394396 0.53101942 0.018473275 1.3975271 1.1998578 0.018473275 0 0.48939803
14.55 -0.61513795 0 0 0.99990508 0.013777765 0.58474815 0.016533318 1.3975271 1.1998861 0.016533318 0 0.44566427
14.6 -0.56036973 0 0 0.99992254 0.012446408 0.63953732 0.01493569 1.3975271 1.199907 0.01493569 0 0.40318823
14.65 -0.50462878 0 0 0.99993557 0.01135122 0.69529391 0.013621464 1.3975271 1.1999227 0.013621464 0 0.36141982
14.7 -0.44801187 0 0 0.99994536 0.010453208 0.75192257 0.012543849 1.3975271 1.1999344 0.012543849 0 0.32001816
14.75 -0.39061728 0 0 0.99995275 0.00972147 0.80932602 0.011665764 1.3975271 1.1999433 0.011665764 0 0.27878888
14.8 -0.33254462 0 0 0.99995831 0.0091316232 0.86740534 0.010957948 1.3975271 1.19995 0.010957948 0 0.2376471
14.85 -0.27389472 0 0 0.99996246 0.008664585 0.92606023 0.010397502 1.3975271 1.199955 0.010397502 0 0.19660533
14.9 -0.21476937 0 0 0.99996551 0.0083056393 0.98518924 0.0099667671 1.3975271 1.1999586 0.0099667671 0 0.15579992
14.95 -0.15527122 0 0 0.99996765 0.008043729 1.04469 0.0096524749 1.3975271 1.1999612 0.0096524749 0 0.11562129
15 -0.095503532 0 0 0.99996902 0.0078709329 1.1044593 0.0094451195 1.3975271 1.1999628 0.0094451195 0 0.077276505
15.05 -0.035570066 0 0 0.99996972 0.0077820953 1.1643936 0.0093385143 1.3975271 1.1999637 0.0093385143 0 0.045954048
15.1 0.024425144 0 0 0.99996978 0.0077745879 1.2243889 0.0093295055 1.3975271 1.1999637 0.0093295055 0 0.042501443
15.15 0.084377956 0 0 0.9999692 0.0078481894 1.284341 0.0094178273 1.3975271 1.199963 0.0094178273 0 0.071141945
15.2 0.1441843 0 0 0.99996796 0.008005075 1.3441458 0.00960609 1.3975271 1.1999616 0.00960609 0 0.10895149
15.25 0.20374036 0 0 0.99996597 0.0082499165 1.4036995 0.0098998998 1.3975271 1.1999592 0.0098998998 0 0.149063
15.3 0.26294275 0 0 0.9999631 0.0085900976 1.4628985 0.010308117 1.3975271 1.1999557 0.010308117 0 0.18997914
15.35 0.32168872 0 0 0.99995917 0.0090360581 1.5216397 0.01084327 1.3975271 1.199951 0.01084327 0 0.23125127
15.4 0.37987627 0 0 0.9999539 0.0096017867 1.579821 0.011522144 1.3975271 1.1999447 0.011522144 0 0.27274076
15.45 0.43740442 0 0 0.9999469 0.010305492 1.6373407 0.01236659 1.3975271 1.1999363 0.01236659 0 0.31445688
15.5 0.49417329 0 0 0.99993761 0.011170488 1.6940984 0.013404586 1.3975271 1.1999251 0.013404586 0 0.35652525
15.55 0.55008435 0 0 0.99992526 0.012226361 1.7499947 0.014671633 1.3975271 1.1999103 0.014671633 0 0.39920278
15.6 0.60504053 0 0 0.99990873 0.013510459 1.804931 0.016212551 1.3975271 1.1998905 0.016212551 0 0.44292178
15.65 0.65894645 0 0 0.99988644 0.015069834 1.8588102 0.018083801 1.3975271 1.1998637 0.018083801 0 0.48836323
15.7 0.71170854 0 0 0.99985611 0.016963713 1.9115359 0.020356456 1.3975271 1.1998273 0.020356456 0 0.53656583
15.75 0.76323519 0 0 0.99981438 0.019266678 1.9630124 0.023120013 1.3975271 1.1997773 0.023120013 0 0.58907966
15.8 0.81343698 0 0 0.99975637 0.022072713 2.0131446 0.026487255 1.3975271 1.1997076 0.026487255 0 0.64817195
15.85 0.86222675 0 0 0.99967481 0.025500376 2.0618365 0.030600452 1.3975271 1.1996098 0.030600452 0 0.71708493
15.9 0.90951982 0 0 0.99955888 0.029699355 2.1089905 0.035639226 1.3975271 1.1994707 0.035639226 0 0.80033103
15.95 0.95523409 0 0 0.99939225 0.034858743 2.1545048 0.041830492 1.3975271 1.1992707 0.041830492 0 0.90399024
16 0.99929021 0 0 0.9991502 0.041217423 2.1982705 0.049460908 1.3975271 1.1989802 0.049460908 0 1.0359608
