d cap logical ppd angle gap
0.35 19.766826 1920 36.58995 52.473424 0.13
0.36666667 18.868352 1920 38.103022 50.389704 0.13
0.38333333 18.048005 1920 39.623993 48.455491 0.13
0.4 17.296018 1920 41.15205 46.656242 0.13
0.41666667 16.604188 1920 42.686483 44.97911 0.13
0.43333333 15.965575 1915.8689 44.226669 43.41272 0.13
0.45 15.374265 1844.9118 45.77206 41.946987 0.13
0.46666667 14.825191 1779.0229 47.322174 40.572946 0.13
0.48333333 14.313984 1717.678 48.876584 39.282614 0.13
0.5 13.836856 1660.4227 50.434911 38.068869 0.13
0.51666667 13.39051 1606.8613 51.996818 36.925336 0.13
0.53333333 12.972061 1556.6473 53.562006 35.846305 0.13
0.55 12.578972 1509.4766 55.130205 34.826643 0.13
0.56666667 12.209005 1465.0806 56.701176 33.861732 0.13
0.58333333 11.860179 1423.2215 58.274701 32.947402 0.13
0.6 11.530732 1383.6879 59.850586 32.079887 0.13
0.61666667 11.219093 1346.2912 61.428654 31.255772 0.13
0.63333333 10.923856 1310.8627 63.008748 30.471959 0.13008303
0.65 10.643759 1277.2511 64.590721 29.725632 0.13173564
0.66666667 10.377667 1245.32 66.174444 29.014222 0.13543455
0.68333333 10.124554 1214.9465 67.759796 28.335387 0.14101883
0.7 9.8834947 1186.0194 69.346668 27.686983 0.14827562
0.71666667 9.6536472 1158.4377 70.934961 27.067048 0.15697313
0.73333333 9.4342473 1132.1097 72.524584 26.473782 0.16688626
0.75 9.2245984 1106.9518 74.115452 25.905529 0.17781181
0.76666667 9.0240645 1082.8877 75.707489 25.360767 0.18957482
0.78333333 8.832064 1059.8477 77.300625 24.838092 0.20202905
0.8 8.6480635 1037.7676 78.894793 24.336207 0.21505446
0.81666667 8.4715731 1016.5888 80.489933 23.853915 0.22855341
0.83333333 8.3021423 996.25708 82.08599 23.390106 0.24244681
0.85 8.1393558 976.7227 83.682913 22.943752 0.25667061
0.86666667 7.9828303 957.93964 85.280652 22.513899 0.27117284
0.88333333 7.8322114 939.86537 86.879165 22.09966 0.28591112
0.9 7.6871709 922.46051 88.478409 21.700209 0.30085077
0.91666667 7.5474046 905.68856 90.078347 21.314778 0.31596322
0.93333333 7.41263 889.5156 91.678942 20.94265 0.33122482
0.95 7.2825842 873.91011 93.280161 20.583155 0.34661587
0.96666667 7.1570228 858.84274 94.881973 20.235667 0.36211987
0.98333333 7.0357177 844.28612 96.484349 19.899601 0.37772291
1 6.918456 830.21472 98.087261 19.574407 0.3934132
1.0166667 6.805039 816.60468 99.690684 19.259573 0.40918071
1.0333333 6.6952806 803.43367 101.29459 18.954615 0.42501684
1.05 6.5890066 790.68079 102.89897 18.659079 0.44091419
1.0666667 6.4860536 778.32643 104.50379 18.37254 0.45686639
1.0833333 6.3862684 766.35221 106.10903 18.094596 0.47286787
1.1 6.289507 754.74084 107.71467 17.82487 0.4889138
1.1166667 6.1956339 743.47607 109.3207 17.563005 0.50499995
1.1333333 6.1045219 732.54262 110.92711 17.308664 0.52112258
1.15 6.0160507 721.92608 112.53386 17.061531 0.53727841
1.1666667 5.9301073 711.61288 114.14096 16.821306 0.55346454
1.1833333 5.8465848 701.59018 115.74838 16.587705 0.56967838
1.2 5.7653824 691.84589 117.35612 16.36046 0.58591763
1.2166667 5.6864047 682.36857 118.96415 16.139316 0.60218024
1.2333333 5.6095615 673.14739 120.57247 15.924033 0.61846436
1.25 5.5347675 664.1721 122.18107 15.714382 0.63476834
1.2666667 5.4619418 655.43301 123.78994 15.510146 0.65109069
1.2833333 5.3910076 646.92091 125.39906 15.31112 0.66743006
1.3 5.3218922 638.62706 127.00842 15.117108 0.68378522
1.3166667 5.2545266 630.54319 128.61803 14.927923 0.70015508
1.3333333 5.1888451 622.66141 130.22786 14.743389 0.71653862
1.35 5.1247854 614.97424 131.83791 14.563338 0.73293493
1.3666667 5.0622881 607.47457 133.44817 14.387608 0.74934317
1.3833333 5.0012967 600.15561 135.05864 14.216047 0.76576257
1.4 4.9417576 593.01091 136.66931 14.048509 0.78219243
1.4166667 4.8836193 586.03432 138.28016 13.884855 0.7986321
1.4333333 4.8268331 579.21998 139.8912 13.724952 0.81508099
1.45 4.7713524 572.56228 141.50242 13.568672 0.83153856
1.4666667 4.7171325 566.0559 143.11381 13.415896 0.84800429
1.4833333 4.6641311 559.69573 144.72537 13.266506 0.86447773
1.5 4.6123075 553.4769 146.33708 13.120393 0.88095843
1.5166667 4.5616228 547.39474 147.94895 12.977449 0.897446
1.5333333 4.51204 541.44481 149.56097 12.837573 0.91394007
1.55 4.4635235 535.62282 151.17314 12.700669 0.93044029
1.5666667 4.4160393 529.92472 152.78545 12.566642 0.94694634
1.5833333 4.3695547 524.34657 154.39789 12.435403 0.96345792
1.6 4.3240386 518.88463 156.01047 12.306866 0.97997475
1.6166667 4.2794609 513.53531 157.62318 12.18095 0.99649657
1.6333333 4.235793 508.29516 159.23601 12.057575 1.0130231
1.65 4.1930072 503.16087 160.84896 11.936664 1.0295542
1.6666667 4.1510772 498.12926 162.46202 11.818147 1.0460896
1.6833333 4.1099775 493.1973 164.0752 11.701951 1.0626291
1.7 4.0696836 488.36203 165.6885 11.58801 1.0791725
1.7166667 4.0301722 483.62066 167.30189 11.47626 1.0957196
1.7333333 3.9914205 478.97046 168.9154 11.366637 1.1122703
1.75 3.953407 474.40885 170.529 11.259082 1.1288245
1.7666667 3.9161108 469.93329 172.1427 11.153537 1.1453818
1.7833333 3.8795116 465.5414 173.7565 11.049946 1.1619424
1.8 3.8435903 461.23083 175.37039 10.948256 1.1785059
1.8166667 3.808328 456.99936 176.98437 10.848415 1.1950722
1.8333333 3.7737069 452.84482 178.59844 10.750374 1.2116413
1.85 3.7397095 448.76514 180.2126 10.654083 1.2282131
1.8666667 3.7063193 444.75832 181.82683 10.559498 1.2447874
1.8833333 3.67352 440.8224 183.44115 10.466572 1.2613641
1.9 3.6412962 436.95554 185.05555 10.375263 1.2779432
1.9166667 3.6096328 433.15593 186.67003 10.285529 1.2945245
1.9333333 3.5785153 429.42183 188.28458 10.19733 1.311108
1.95 3.5479297 425.75156 189.8992 10.110627 1.3276936
1.9666667 3.5178625 422.1435 191.5139 10.025382 1.3442811
1.9833333 3.4883007 418.59608 193.12866 9.9415591 1.3608706
2 3.4592315 415.10778 194.74349 9.8591227 1.377462
