t track lag clear P screen tilt
0 0 0 0.73349104 106.04775 0.2263616 0.2263616
0.04 0.040121465 0.038954641 0.73386873 106.04788 0.2056876 0.31110825
0.08 0.16307239 0.15879214 0.73419293 106.04886 0.14166308 0.49094218
0.12 0.37468724 0.36595791 0.73443067 106.0511 0.076918141 0.69274673
0.16 0.68038017 0.6663415 0.73455858 106.05456 0.031106734 0.89153935
0.2 1.082593 1.0627526 0.73456619 106.05918 0.016288656 1.0793574
0.24 1.5798159 1.553964 0.73445441 106.06499 0.025296745 1.2549611
0.28 2.1666802 2.1348215 0.73423207 106.07207 0.030973115 1.420048
0.32 2.8345993 2.7968991 0.73391229 106.08056 0.032362562 1.5773225
0.36 3.572578 3.5293201 0.73350992 106.09061 0.031621769 1.7295234
0.4 4.3679726 4.3195267 0.73303986 106.10238 0.030401385 1.879076
0.44 5.207118 5.1539163 0.73251649 106.11609 0.029723398 2.0281231
0.48 6.0758236 6.0183444 0.7319534 106.13205 0.030151337 2.1787349
0.52 6.9597747 6.8985332 0.73136341 106.15067 0.031969024 2.3331682
0.56 7.8448888 7.7804339 0.73075845 106.17254 0.035320252 2.494109
0.6 8.7176643 8.6505827 0.73014943 106.19852 0.040304877 2.6648913
0.64 9.5655495 9.4964768 0.72954582 106.22979 0.047039371 2.8497095
0.68 10.377351 10.306993 0.72895522 106.26813 0.05569352 3.0538573
0.72 11.143702 11.072868 0.72838286 106.31605 0.066513521 3.2840197
0.76 11.857618 11.78727 0.72783112 106.37722 0.079837432 3.5486323
0.8 12.515182 12.446511 0.72729907 106.45697 0.096105234 3.8583056
0.84 13.116436 13.050964 0.7267821 106.56304 0.11586386 4.2262951
0.88 13.666561 13.606295 0.72627161 106.70662 0.13976656 4.6689798
0.92 14.177483 14.125111 0.7257549 106.90392 0.16856417 5.2063093
0.96 14.670002 14.629161 0.72521521 107.17822 0.20308308 5.8621726
1 15.176499 15.152091 0.72463209 107.56267 0.24417962 6.6646502
1.04 15.744071 15.742585 0.72398235 108.10391 0.29265475 7.6460979
1.08 16.437489 16.467251 0.72324178 108.86635 0.34910514 8.8429758
1.12 17.340818 17.412013 0.72238825 109.93669 0.41367989 10.295257
1.16 18.556007 18.680364 0.72140686 111.42751 0.48571016 12.045144
1.2 20.168915 20.38827 0.72028178 112.84025 0.51302795 14.066285
1.24 22.004098 22.683175 0.71898308 114.31491 0.30541542 15.877863
1.28 23.653574 25.855223 0.71775077 115.42079 0.35334017 17.082578
1.32 24.728289 30.506662 0.71710351 116.20975 0.66846266 17.614834
1.36 24.97844 37.659348 0.71765259 116.29886 0.83503189 17.604206
1.4 24.300628 48.726305 0.71994688 116.06709 0.83671635 17.250323
1.44 22.696062 65.372347 0.72445299 115.77728 0.75861338 16.739815
1.48 20.224274 89.374565 0.73156958 115.53017 0.69848817 16.209751
1.52 16.973762 122.54118 0.74163899 115.3524 0.70598257 15.744165
1.56 13.061647 166.64351 0.75494772 115.24632 0.76654471 15.386875
1.6 8.7093277 223.30717 0.77171507 115.20473 0.8488951 15.158035
1.64 4.8425896 293.84713 0.79207081 115.21356 0.93844757 15.067241
1.68 5.6870411 379.05701 0.81602276 115.25439 1.035455 15.120153
1.72 10.925751 478.98042 0.84341783 115.31092 1.1468958 15.318516
1.76 17.252641 592.71998 0.87382731 110.30262 1.2767907 15.653627
1.8 23.978397 718.3385 0.90621163 111.2313 1.4084689 16.099736
1.84 30.779736 852.82045 0.9317263 113.07282 1.5356271 16.627375
1.88 37.380003 992.30524 0.95322532 113.86006 1.6653127 17.195491
1.92 43.520424 1132.4788 0.97326055 113.76388 1.807325 17.748311
1.96 48.958418 1269.0383 0.99098507 113.37779 1.967848 18.22289
2 53.472855 1398.1425 1.0057926 113.09694 2.1466909 18.560253
2.04 56.872451 1516.7515 1.0173759 113.05478 2.3360402 18.714487
2.08 59.004908 1622.7958 1.0256914 113.19695 2.5198118 18.658098
2.12 59.765575 1715.1717 1.0308526 113.36565 2.6745805 18.38479
2.16 59.106077 1793.6042 1.0330097 113.39545 2.7737234 17.91079
2.2 57.04341 1858.4445 1.0322701 113.20583 2.7949132 17.273866
2.24 53.668414 1910.4587 1.0286869 112.83688 2.7283702 16.527899
2.28 49.151953 1950.6459 1.0223037 112.40488 2.5816759 15.73269
2.32 43.750102 1980.1024 1.0132129 112.02206 2.3782645 14.942322
2.36 37.816387 1999.9285 1.0015925 111.74311 2.1502235 14.197187
2.4 31.837978 2011.1721 0.98770596 111.56105 1.9289282 13.522568
2.44 26.516043 2014.7966 0.97187434 111.43529 1.7374533 12.932521
2.48 22.84662 2011.6649 0.95443746 111.32324 1.5871269 12.435286
2.52 21.868959 2002.5338 0.93571969 111.19872 1.4785089 12.036935
2.56 23.781127 1988.0534 0.91600743 111.0547 1.405326 11.742224
2.6 27.668558 1968.7706 0.89553919 110.89718 1.3590206 11.553493
2.64 32.424897 1945.1357 0.87450515 110.73735 1.3320201 11.469134
2.68 37.296955 1917.5096 0.85305259 110.58611 1.3191374 11.48285
2.72 41.847517 1886.1726 0.83128337 110.08899 1.3182169 11.582401
2.76 46.012167 1851.3505 0.80763357 109.74292 1.4309589 11.495746
2.8 50.027335 1813.2934 0.77964493 108.51166 1.7484009 10.850583
2.84 53.915522 1772.3696 0.74889428 107.25688 1.9711623 9.910006
2.88 57.477882 1729.0503 0.71876003 106.75628 1.8636797 9.1788979
2.92 60.387469 1683.8185 0.6919293 106.6805 1.4690145 8.9205178
2.96 62.300542 1637.0849 0.66957889 106.63471 0.9719719 8.9850796
3 62.948322 1589.1384 0.65187892 106.42145 0.55532688 9.0873766
3.04 62.194907 1540.1359 0.63872416 107.355 0.32813079 9.0852844
3.08 60.044262 1490.1169 0.6300198 105.85246 0.28209112 9.0156825
3.12 56.08042 1439.0748 0.62565492 107.96951 0.50235935 8.5233656
3.16 50.176234 1387.0295 0.62470226 113.37904 0.7613832 7.6273836
3.2 42.771909 1334.0775 0.62608378 116.52134 0.77096729 6.9061524
3.24 34.36234 1280.381 0.62921096 117.12709 0.71967574 6.6685752
3.28 25.450214 1226.0969 0.63389216 116.21371 0.76754884 6.9133797
3.32 16.650777 1171.3273 0.64011591 114.80095 0.84088898 7.4880845
3.36 9.50146 1116.1014 0.64787275 113.54429 0.85122432 8.2559828
3.4 9.3113127 1060.3811 0.6570622 112.6752 0.79294996 9.1348555
3.44 15.810569 1004.0757 0.66747459 112.1945 0.69754656 10.075622
3.48 23.471627 947.05713 0.67882113 112.03421 0.59663012 11.044164
3.52 30.844356 889.17141 0.69078429 112.03336 0.5082126 12.014846
3.56 37.581581 830.25176 0.70305406 113.14617 0.2796964 12.91797
3.6 43.650456 770.19578 0.71504944 115.50632 0.40085409 13.603055
3.64 49.02845 709.13404 0.72565487 117.73068 1.0538132 14.187927
3.68 53.688399 647.53762 0.73355751 119.48419 1.4156452 15.094816
3.72 57.599016 586.19014 0.73777501 120.35439 1.3289237 16.589441
3.76 60.689617 526.05925 0.73802222 120.06037 0.94399103 18.422766
3.8 62.781978 468.13125 0.73428253 118.49205 0.80057156 20.04094
3.84 63.662196 413.28219 0.72700048 115.70351 1.1380815 21.037388
3.88 63.316479 362.2208 0.71809314 114.028 1.4394882 21.391123
3.92 61.871572 315.48425 0.70948853 113.80416 1.5850106 21.209353
3.96 59.482547 273.44286 0.70221057 113.856 1.6246182 20.559882
4 56.355015 236.30188 0.69639434 113.45689 1.5657182 19.537727
4.04 52.744581 204.11865 0.69165356 112.58767 1.4206528 18.246653
4.08 48.960237 176.83355 0.68749274 111.56184 1.2173027 16.787016
4.12 45.369352 154.29858 0.68354171 110.65266 0.99003943 15.24623
4.16 42.388018 136.28795 0.67961738 109.95894 0.76988135 13.691346
4.2 40.432339 122.48426 0.67569651 109.45036 0.57869272 12.167454
4.24 39.814906 112.45149 0.67186356 109.05608 0.42770442 10.701767
4.28 40.624788 105.62287 0.66826227 108.72043 0.31921383 9.3101377
4.32 42.686563 101.32975 0.66505884 108.41654 0.24964462 8.0028911
4.36 45.640784 98.870378 0.66241674 108.13795 0.21227994 6.7885404
4.4 49.072005 97.587191 0.66048074 107.88666 0.19907096 5.6756318
4.44 52.598349 96.920338 0.65936752 107.66598 0.20214665 4.6738494
4.48 55.90579 96.426865 0.65916044 107.47853 0.21516641 3.7960215
4.52 58.749926 95.774326 0.65990686 107.32714 0.23384396 3.0632315
4.56 60.946314 94.722526 0.66161732 107.21655 0.25571982 2.5150674
4.6 62.359317 93.103131 0.66426608 107.15482 0.27971697 2.2185692
4.64 62.892457 90.801776 0.667793 107.15445 0.30573787 2.2426843
4.68 62.48057 87.743877 0.67210647 107.23375 0.33434263 2.5935935
4.72 61.083355 83.883846 0.67708746 107.41882 0.36648774 3.2209305
4.76 58.67988 79.196952 0.68259434 107.74666 0.40329421 4.0859568
4.8 55.263835 73.673205 0.68846864 108.26928 0.44581464 5.1842768
4.84 50.839599 67.312961 0.69454192 109.05882 0.49477096 6.5352354
4.88 45.419721 60.124602 0.700644 110.21253 0.55023772 8.1702656
4.92 39.025658 52.125913 0.70661326 111.85581 0.6112507 10.125682
4.96 31.783639 43.353361 0.71230725 113.45999 0.60653479 12.340124
5 24.260678 33.861778 0.71766495 114.90956 0.38503541 14.348506
5.04 17.224889 23.769073 0.72283788 115.85619 0.33225222 15.831266
5.08 11.753535 14.327379 0.72817042 116.56217 0.56166637 16.743782
5.12 9.6825436 14.581211 0.73408975 116.53744 0.69975826 17.197863
5.16 11.623898 29.760012 0.74097765 116.08902 0.71747961 17.356444
5.2 15.287916 52.837776 0.7491478 115.56157 0.69139027 17.36476
5.24 19.105749 83.230458 0.7588669 115.10924 0.69632867 17.320911
5.28 22.568953 122.17019 0.77037615 114.7702 0.75227999 17.274801
5.32 25.523653 171.18096 0.78390292 114.53468 0.83725517 17.241337
5.36 27.928186 231.7392 0.7996589 114.3794 0.92981895 17.217138
5.4 29.787056 305.06331 0.81782448 114.28223 1.0224411 17.194644
5.44 31.134637 391.90214 0.83852041 114.22859 1.116455 17.171125
5.48 32.033737 492.31681 0.86176891 114.21478 1.2170545 17.152316
5.52 32.579957 605.49145 0.88690464 110.09885 1.3293416 17.150708
5.56 32.919622 729.64604 0.9026311 110.03428 1.4389513 17.176805
5.6 33.204939 861.98754 0.91892153 111.95049 1.5343229 17.246304
5.64 33.569869 998.89 0.93515857 112.98793 1.6230772 17.370653
5.68 34.117869 1136.2647 0.9505369 113.05516 1.7199043 17.541523
5.72 34.895855 1270 0.96427442 112.7695 1.8370749 17.728172
5.76 35.873059 1396.3945 0.97577183 112.57729 1.9800335 17.884924
5.8 36.937651 1512.4956 0.98469456 112.62398 2.1458775 17.962338
5.84 37.913339 1616.2775 0.99096026 112.8511 2.322412 17.917261
5.88 38.589683 1706.6508 0.99464758 113.10435 2.4880577 17.720542
5.92 38.758506 1783.3387 0.99587602 113.22439 2.6148839 17.362823
5.96 38.250702 1846.6823 0.99471623 113.1226 2.675897 16.857639
6 36.96842 1897.4328 0.99116685 112.81597 2.6543751 16.239432
6.04 34.908036 1936.5714 0.98519302 112.40097 2.5506524 15.555314
6.08 32.172794 1965.1734 0.97679045 111.99023 2.3825818 14.853338
6.12 28.980129 1984.3167 0.96603494 111.65929 2.1794642 14.172741
6.16 25.672886 1995.0259 0.95309623 111.42925 1.9726855 13.540241
6.2 22.735718 1998.2415 0.93821897 111.28009 1.7873072 12.972212
6.24 20.773924 1994.8057 0.92168682 111.17581 1.6374907 12.479369
6.28 20.333836 1985.4565 0.90378607 111.08481 1.5264395 12.070506
6.32 21.559652 1970.8284 0.88477897 110.98913 1.4496634 11.753696
6.36 24.08928 1951.4556 0.8648894 110.88399 1.3993727 11.535376
6.4 27.36011 1927.7782 0.84429913 110.77283 1.3680325 11.418585
6.44 30.895052 1900.1493 0.82312522 110.27711 1.3512392 11.39711
6.48 34.610654 1868.8623 0.79960508 110.05602 1.4313341 11.150458
6.52 38.72261 1834.2335 0.7715272 108.74882 1.6978625 10.312549
6.56 43.164932 1796.692 0.74071586 107.46181 1.8784299 9.1892081
6.6 47.619533 1756.759 0.71058466 106.98085 1.7483175 8.346852
6.64 51.649157 1714.9557 0.68375562 106.91097 1.3521716 8.1030419
6.68 54.826219 1671.7205 0.66132587 106.83408 0.86732472 8.2895867
6.72 56.822677 1627.36 0.64338625 106.71083 0.46729772 8.5611857
6.76 57.453919 1582.0384 0.62974239 106.57576 0.26771113 8.7324134
6.8 56.688446 1535.7943 0.62024696 107.31308 0.266878 8.8109621
6.84 54.631646 1488.5726 0.61476727 109.77595 0.35000962 8.9024096
6.88 51.280134 1440.2715 0.61311353 106.01956 0.4994761 8.9315879
6.92 46.231813 1390.8442 0.61459694 112.07623 0.77930105 8.4558408
6.96 39.778026 1340.2979 0.61791001 116.07484 0.89893601 7.9312552
7 32.346106 1288.7428 0.6223142 117.27925 0.88064869 7.691813
7.04 24.388975 1236.3208 0.62761938 116.69943 0.88709708 7.8121094
7.08 16.443778 1183.1413 0.63391008 115.38647 0.92474179 8.2185242
7.12 9.6787696 1129.2501 0.64130979 114.10451 0.92115512 8.817142
7.16 8.221384 1074.6279 0.64985266 113.16455 0.85442683 9.5402825
7.2 13.461063 1019.2024 0.65944927 112.60566 0.74732518 10.342111
7.24 20.319331 962.86413 0.6699116 112.3709 0.63140627 11.188633
7.28 27.076934 905.47929 0.68100345 112.40167 0.52806289 12.053779
7.32 33.29452 846.89989 0.69248974 113.00099 0.35233482 12.88487
7.36 38.836137 787.01945 0.70395802 115.1246 0.27627264 13.501025
7.4 43.662156 725.9285 0.71446373 117.24021 0.92973687 13.933002
7.44 47.805848 664.04577 0.72274833 118.98146 1.3796628 14.58468
7.48 51.354195 602.12029 0.72774276 120.07604 1.3991622 15.853154
7.52 54.36355 541.12316 0.72899818 119.99779 1.0593248 17.632436
7.56 56.755878 482.08449 0.72653872 119.05775 0.78278373 19.395121
7.6 58.302402 425.94785 0.72050261 116.43429 1.0319281 20.632212
7.64 58.897219 373.49161 0.71251638 114.38821 1.3664112 21.222321
7.68 58.569719 325.3113 0.70456209 113.80839 1.5563606 21.242616
7.72 57.378188 281.82212 0.69784866 113.78216 1.6304775 20.756192
7.76 55.430362 243.26183 0.69266469 113.46886 1.5958275 19.860468
7.8 52.883169 209.70756 0.68867836 112.68297 1.4664962 18.663108
7.84 49.943661 181.10748 0.68536882 111.66878 1.2718123 17.267463
7.88 46.873609 157.31377 0.68230724 110.71812 1.0468266 15.764271
7.92 43.989218 138.10134 0.67925104 109.97308 0.82316502 14.224714
7.96 41.643911 123.16354 0.6761301 109.43102 0.62386623 12.698153
8 40.178785 112.09043 0.67299722 109.02697 0.46187152 11.215453
8.04 39.836998 104.35209 0.66997799 108.69878 0.34128321 9.7953226
8.08 40.677384 99.31456 0.66723118 108.41057 0.26010098 8.4504088
8.12 42.551026 96.296166 0.66492065 108.14909 0.21295914 7.1914387
8.16 45.161904 94.641219 0.66319689 107.91257 0.19282433 6.0293601
8.2 48.161127 93.778212 0.66218571 107.70254 0.19199869 4.9765043
8.24 51.217478 93.245978 0.6619817 107.52082 0.20346269 4.0482938
8.28 54.049411 92.692266 0.66264482 107.36976 0.22203242 3.2674193
8.32 56.431267 91.857684 0.66419902 107.25371 0.24454159 2.6721102
8.36 58.188357 90.555774 0.66663246 107.18025 0.26944063 2.3233891
8.4 59.189085 88.654923 0.6698991 107.16135 0.29632628 2.2847855
8.44 59.337246 86.063944 0.67392142 107.2145 0.32556038 2.5657678
8.48 58.565314 82.721244 0.6785942 107.36441 0.35797608 3.11952
8.52 56.828701 78.586863 0.6837891 107.64578 0.39463597 3.9056317
8.56 54.100905 73.636688 0.68936004 108.10708 0.43660449 4.9177209
8.6 50.3696 67.858475 0.6951496 108.8154 0.48470084 6.1748262
8.64 45.63428 61.249936 0.7009967 109.86156 0.53920226 7.709134
8.68 39.907238 53.820347 0.706746 111.36378 0.59947276 9.5581286
8.72 33.258928 45.599894 0.71225766 112.98182 0.63311644 11.72029
8.76 26.165426 36.648181 0.71743864 114.52012 0.45289299 13.807377
8.8 19.398436 27.065992 0.72238646 115.56962 0.29929847 15.421833
8.84 13.939587 17.572791 0.72741102 116.38794 0.50470556 16.460699
8.88 11.227679 13.862655 0.73293775 116.56791 0.67596644 17.007484
8.92 12.112753 25.180317 0.73936913 116.20688 0.7178014 17.220157
8.96 15.144048 46.069965 0.74703567 115.69165 0.69389521 17.252283
9 18.706609 74.369194 0.75621382 115.21998 0.68637655 17.214393
9.04 22.111132 110.97495 0.76714892 114.85388 0.73063814 17.16725
9.08 25.115853 157.33835 0.78007006 114.59327 0.81075531 17.132698
9.12 27.637854 214.94885 0.79519195 114.41756 0.90252447 17.110246
9.16 29.657878 285.0973 0.81270286 114.30402 0.99518144 17.092164
9.2 31.192183 368.66229 0.83273969 114.23578 1.0884497 17.073837
9.24 32.286142 465.88968 0.85535145 114.20597 1.1868292 17.058679
9.28 33.014435 576.18879 0.88045015 111.20534 1.2964733 17.057989
9.32 33.490505 698.01831 0.89804999 109.62477 1.4087319 17.082705
9.36 33.849668 828.82705 0.91421183 111.47098 1.5075015 17.146596
9.4 34.218437 965.16008 0.93051759 112.79811 1.5967056 17.263788
9.44 34.698881 1102.999 0.94618749 113.05359 1.6903346 17.431356
9.48 35.345822 1238.1906 0.96041536 112.80042 1.8017579 17.623515
9.52 36.146992 1366.8914 0.97254361 112.55676 1.93821 17.79721
9.56 37.015928 1485.9367 0.98216716 112.53782 2.0988725 17.902993
9.6 37.801621 1593.0623 0.98914466 112.72702 2.2739187 17.895621
9.64 38.312041 1686.9538 0.99352348 112.98706 2.4440454 17.742287
9.68 38.345879 1767.1496 0.99542131 113.15334 2.5825038 17.42883
9.72 37.727369 1833.858 0.99492438 113.11437 2.6613573 16.963581
9.76 36.339066 1887.7478 0.99204654 112.85976 2.6606529 16.376733
9.8 34.14728 1929.7581 0.98675478 112.46944 2.5762634 15.713434
9.84 31.217627 1960.9516 0.97903069 112.05628 2.4220952 15.022379
9.88 27.725038 1982.4117 0.9689263 111.70728 2.2254386 14.345082
9.92 23.971118 1995.1796 0.95658724 111.45677 2.0180148 13.710633
9.96 20.426067 2000.218 0.94224077 111.29327 1.8269804 13.136811
10 17.781672 1998.3936 0.92616248 111.18303 1.6692554 12.634651
10.04 16.841849 1990.4698 0.908639 111.09246 1.5504143 12.212697
10.08 17.984894 1977.106 0.88993846 111.00018 1.4673449 11.878854
10.12 20.777365 1958.8605 0.87029327 110.89866 1.4126016 11.639887
10.16 24.455312 1936.1959 0.84989409 110.78985 1.3782992 11.499729
10.2 28.419272 1909.4863 0.82889152 110.67327 1.3583945 11.457918
10.24 32.438882 1879.0346 0.80632034 110.15432 1.3972332 11.325694
10.28 36.743061 1845.142 0.77934381 109.1255 1.6313971 10.623037
10.32 41.352749 1808.2066 0.74890378 107.70309 1.8651318 9.5095374
10.36 46.015413 1768.7356 0.71829 107.03495 1.817006 8.53304
10.4 50.32827 1727.2602 0.69045477 106.91394 1.4722189 8.1179015
10.44 53.86728 1684.2471 0.66685373 106.85577 0.99049057 8.2123807
10.48 56.285694 1640.0401 0.64774972 106.73528 0.55429872 8.4764874
10.52 57.369293 1594.8399 0.63296911 106.59603 0.29455037 8.6707143
10.56 57.053922 1548.7156 0.62234612 106.96844 0.25114521 8.7606059
10.6 55.416384 1501.6344 0.61575916 109.03823 0.31937908 8.835699
10.64 52.556492 1453.4993 0.6130361 104.67377 0.44442782 8.9256635
10.68 48.005753 1404.2561 0.61370719 110.8382 0.71779866 8.5141148
10.72 41.929903 1353.8943 0.61646473 115.46627 0.88178833 7.9582767
10.76 34.754523 1302.508 0.62043402 117.22082 0.87769373 7.6456117
10.8 26.92846 1250.2387 0.62532815 116.94537 0.87587777 7.6964643
10.84 18.931597 1197.2054 0.63119359 115.71129 0.91633226 8.0532742
10.88 11.55613 1143.4672 0.63815797 114.37929 0.92645731 8.619009
10.92 7.5969303 1089.0164 0.64627912 113.34916 0.87211697 9.320398
10.96 11.110445 1033.7896 0.65549344 112.70374 0.77082543 10.108529
11 17.662022 977.68327 0.66563061 112.39706 0.65481873 10.947783
11.04 24.413041 920.56729 0.67646059 112.36672 0.54832068 11.810707
11.08 30.708345 862.29419 0.68774681 112.61815 0.42164976 12.663998
11.12 36.338731 802.73476 0.69916486 114.55743 0.16446104 13.346004
11.16 41.234838 741.91303 0.70990701 116.72411 0.76906318 13.797567
11.2 45.413346 680.15982 0.71875756 118.56252 1.3033008 14.344417
11.24 48.968602 618.14823 0.72455912 119.85396 1.4357247 15.4433
11.28 51.993746 556.80901 0.72668906 120.11199 1.1630077 17.133511
11.32 54.472893 497.17456 0.72514696 119.49024 0.80457966 18.959044
11.36 56.20016 440.22237 0.71990206 117.09537 0.93871176 20.354772
11.4 57.025466 386.77774 0.71222359 114.73745 1.2950175 21.101673
11.44 56.957726 337.48366 0.70414543 113.84405 1.5214567 21.256516
11.48 56.048158 292.80141 0.69710382 113.77558 1.6244036 20.882185
11.52 54.392353 253.01238 0.69160174 113.5742 1.6141986 20.073527
11.56 52.136409 218.2309 0.68741887 112.89419 1.5035872 18.939834
11.6 49.475143 188.43336 0.68404621 111.90862 1.3206079 17.586435
11.64 46.655813 163.49191 0.68101682 110.92411 1.1001011 16.107012
11.68 43.978216 143.19734 0.67804031 110.12493 0.87454355 14.57688
11.72 41.779389 127.26037 0.67500723 109.53759 0.66866956 13.049724
11.76 40.388933 115.29319 0.67194366 109.10543 0.49749037 11.559831
11.8 40.051044 106.79027 0.66895969 108.76246 0.36698663 10.127987
11.84 40.84272 101.13629 0.66620722 108.46632 0.27648465 8.7677861
11.88 42.644866 97.654477 0.66384925 108.19928 0.22139773 7.4902285
11.92 45.190637 95.678743 0.66203945 107.95762 0.19514634 6.3062326
11.96 48.151061 94.616766 0.6609093 107.74236 0.19016864 5.2278993
12 51.204546 93.983096 0.66056055 107.55517 0.19913687 4.2699537
12.04 54.071808 93.402837 0.66106115 107.39801 0.21632038 3.4531711
12.08 56.525269 92.597888 0.66244338 107.27451 0.23805329 2.8116004
12.12 58.386308 91.36735 0.66470371 107.19127 0.26242602 2.4010397
12.16 59.51862 89.568821 0.6678041 107.15903 0.28879762 2.2878563
12.2 59.821163 87.103123 0.67167446 107.19371 0.31737995 2.4969392
12.24 59.221786 83.902703 0.67621614 107.318 0.34891923 2.9897058
12.28 57.67164 79.923056 0.6813064 107.56376 0.38444308 3.7202005
12.32 55.14033 75.136439 0.68680354 107.97563 0.42503351 4.6743982
12.36 51.611824 69.527404 0.69255302 108.61558 0.47158979 5.8666102
12.4 47.081503 63.09016 0.69839479 109.56806 0.52454903 7.3268059
12.44 41.55559 55.828731 0.70417212 110.94425 0.58353746 9.0918131
12.48 35.06643 47.763008 0.70974205 112.57512 0.63846758 11.189807
12.52 27.954735 38.937322 0.71498984 114.17446 0.51533018 13.342539
12.56 20.932865 29.404011 0.71995499 115.34049 0.29851537 15.090709
12.6 14.867701 19.485156 0.72490158 116.19926 0.44559479 16.266424
12.64 11.060883 12.644123 0.73023954 116.58596 0.64668861 16.918419
12.68 10.907458 20.335315 0.73638772 116.3187 0.71719484 17.195167
12.72 13.556322 39.433109 0.74369451 115.81819 0.70109607 17.256512
12.76 17.081067 65.891331 0.75244863 115.32763 0.68353508 17.225331
12.8 20.54954 100.29696 0.76290242 114.93487 0.71495908 17.174215
12.84 23.644039 144.06086 0.77528942 114.65033 0.78868707 17.133237
12.88 26.259467 198.69878 0.78982947 114.45636 0.8790393 17.105977
12.92 28.369401 265.57648 0.80672016 114.32987 0.9717021 17.085417
12.96 29.987147 345.69941 0.82611494 114.25213 1.0644306 17.065613
13 31.156463 439.49439 0.84808922 114.21343 1.1609068 17.047914
13.04 31.951097 546.59765 0.87259799 113.04975 1.2673125 17.042093
13.08 32.47817 665.71145 0.89298665 109.42913 1.3811094 17.060087
13.12 32.874831 794.54121 0.90906028 110.98521 1.4835841 17.113729
13.16 33.281061 929.83208 0.92544751 112.58185 1.5741533 17.21879
13.2 33.814002 1067.6694 0.94140738 113.06606 1.6654784 17.377422
13.24 34.540954 1203.8918 0.95612059 112.88081 1.7717643 17.569075
13.28 35.458154 1334.5392 0.96887817 112.60331 1.9019992 17.753805
13.32 36.483214 1456.2498 0.97920567 112.52271 2.0574241 17.88251
13.36 37.464924 1566.5226 0.98689837 112.6693 2.2305041 17.907953
13.4 38.207096 1663.8091 0.9919653 112.92664 2.4042196 17.793592
13.44 38.500138 1747.4486 0.99451638 113.12905 2.5532478 17.520225
13.48 38.155259 1817.5005 0.9946515 113.14562 2.6491544 17.09055
13.52 37.03704 1874.5364 0.99240233 112.93944 2.6691551 16.529859
13.56 35.089527 1919.4426 0.98774308 112.57229 2.6047442 15.880677
13.6 32.352479 1953.2614 0.98064672 112.15504 2.465565 15.192054
13.64 28.969993 1977.0778 0.97114537 111.78504 2.276346 14.508113
13.68 25.20188 1991.9474 0.95936244 111.51003 2.068633 13.861174
13.72 21.455314 1998.8545 0.94550843 111.32792 1.8714202 13.271466
13.76 18.344077 1998.6907 0.9298511 111.20804 1.7044513 12.751215
13.8 16.678298 1992.2453 0.91267786 111.11516 1.5759819 12.309268
13.84 17.074275 1980.2035 0.89426371 111.0244 1.4846676 11.95362
13.88 19.359239 1963.1483 0.87485095 110.92507 1.4237197 11.691407
13.92 22.787259 1941.5658 0.85464067 110.81737 1.3850734 11.527385
13.96 26.668835 1915.8514 0.83379315 110.70685 1.3621018 11.462259
14 30.627338 1886.3215 0.8119305 110.19172 1.3721684 11.405752
14.04 34.832671 1853.2685 0.78615157 109.49288 1.5593223 10.856943
14.08 39.383099 1817.0598 0.75635066 108.00054 1.8269729 9.8024622
14.12 44.075963 1778.182 0.72551842 107.12387 1.8608875 8.7399769
14.16 48.526026 1737.1693 0.69686019 106.91943 1.5788712 8.1705539
14.2 52.299405 1694.5118 0.67220885 106.87246 1.1132512 8.1660079
14.24 55.021129 1650.5872 0.65204618 106.76159 0.65126097 8.4172599
14.28 56.440461 1605.6323 0.63624513 106.6372 0.33896805 8.6380545
14.32 56.455807 1559.7465 0.62462235 106.73458 0.24743197 8.747608
14.36 55.111341 1512.92 0.61705927 108.36854 0.29765894 8.8142869
14.4 52.554911 1465.0636 0.6133901 103.14327 0.40433109 8.9489048
14.44 48.398248 1416.1033 0.6133393 109.14289 0.63503448 8.6992356
14.48 42.609577 1366.0102 0.61573057 114.46772 0.85989884 8.1446941
14.52 35.595588 1314.8494 0.61950428 116.98847 0.88889407 7.7438855
14.56 27.801489 1262.7583 0.62422749 117.15888 0.87207775 7.6930809
14.6 19.683948 1209.8696 0.62988144 116.0789 0.9052027 7.9720687
14.64 11.891371 1156.2633 0.63659182 114.71299 0.9305232 8.4854541
14.68 6.7465085 1101.9522 0.64444628 113.58271 0.8950083 9.1519005
14.72 9.7404897 1046.8883 0.65341734 112.83635 0.80425981 9.9170004
14.76 16.507919 990.97913 0.66336195 112.44735 0.68926176 10.742314
14.8 23.502087 934.10134 0.67406257 112.35068 0.57783172 11.598356
14.84 30.036568 876.11158 0.68528074 112.36234 0.47388234 12.459859
14.88 35.906394 816.86847 0.69674894 114.01506 0.17158545 13.201622
14.92 41.053276 756.34111 0.70779987 116.22622 0.60072101 13.696837
14.96 45.483391 694.77546 0.71728423 118.16633 1.2008474 14.177985
15 49.272205 632.76332 0.72397972 119.62433 1.4444324 15.11942
15.04 52.509594 571.18366 0.72709554 120.18413 1.2558663 16.697123
15.08 55.202768 511.05825 0.72652423 119.80511 0.86384322 18.54894
15.12 57.172787 453.38828 0.72220089 117.79157 0.85804832 20.089127
15.16 58.225527 399.03955 0.71498546 115.21877 1.2149088 20.995998
15.2 58.336712 348.69823 0.70688063 113.95465 1.4767128 21.292173
15.24 57.551814 302.86894 0.69953342 113.79384 1.6066992 21.047427
15.28 55.952266 261.87683 0.69366502 113.68593 1.6255893 20.341482
15.32 53.672263 225.87557 0.68919267 113.12039 1.540546 19.27981
15.36 50.895573 194.87272 0.68564196 112.17915 1.3741104 17.96914
15.4 47.859402 168.76368 0.68251976 111.16994 1.1598794 16.507671
15.44 44.858007 147.359 0.67949257 110.31775 0.93211395 14.977132
15.48 42.235403 130.39167 0.67641392 109.68249 0.7185352 13.437772
15.52 40.351929 117.50244 0.6732852 109.21938 0.53709227 11.929055
15.56 39.511718 108.21773 0.67020329 108.85959 0.39598853 10.474945
15.6 39.866605 101.94781 0.66731545 108.55381 0.29587361 9.0904584
15.64 41.355972 98.025014 0.66478598 108.27908 0.23275557 7.7868943
15.68 43.733914 95.772957 0.66277362 108.02942 0.20027194 6.5748976
15.72 46.659782 94.575133 0.66141719 107.80546 0.19089848 5.4659603
15.76 49.785381 93.916599 0.66082704 107.60899 0.19708365 4.4736696
15.8 52.803516 93.394297 0.66108032 107.44197 0.21265509 3.616449
15.84 55.463087 92.70649 0.66221862 107.30756 0.23348691 2.9238439
15.88 57.567274 91.633809 0.66424746 107.21163 0.25729702 2.4460861
15.92 58.966115 90.019988 0.66713718 107.16385 0.28317178 2.2517648
15.96 59.548437 87.755678 0.67082515 107.17884 0.31113696 2.3829089
